0 1 0.148438 0.646296 0.023958 0.042593
0 2 0.386979 0.569907 0.021875 0.026852
0 3 0.445833 0.580093 0.023958 0.026852
0 4 0.587760 0.654167 0.028646 0.026852
0 5 0.710677 0.743981 0.022396 0.026852
0 6 1.003906 0.777315 0.071354 0.036111
0 7 0.770052 0.643981 0.041146 0.039815
0 8 0.642448 0.600000 0.023438 0.022222
0 9 0.522917 0.561574 0.027083 0.023148
0 10 0.816667 0.621296 0.095833 0.070370
0 11 0.706510 0.543056 0.044271 0.030556
0 12 0.400521 0.440741 0.029167 0.031481
0 13 0.341146 0.413426 0.041667 0.032407
0 14 0.318490 0.396296 0.027604 0.024074
0 15 0.189844 0.362963 0.016146 0.014815
0 16 0.216667 0.361574 0.022917 0.025000
0 17 0.238542 0.372222 0.025000 0.020370
0 18 0.287760 0.383796 0.024479 0.019444
0 19 0.265885 0.373148 0.020313 0.020370
0 20 0.223177 0.436111 0.016146 0.020370
0 21 0.432552 0.512500 0.021354 0.023148
0 22 0.649219 0.568519 0.024479 0.018519
0 23 0.521354 0.482407 0.015625 0.012963
0 24 0.139583 0.585648 0.018750 0.021296
0 25 1.000000 0.735185 0.039583 0.027778
0 28 0.096875 0.765741 0.080208 0.085185
0 29 0.584375 0.479167 0.019792 0.017593
