0 0.881250 0.818981 0.027083 0.026852
0 0.755469 0.857407 0.032813 0.035185
0 0.665365 0.833796 0.030729 0.036111
0 0.579948 0.755093 0.028646 0.034259
0 0.663542 0.730556 0.040625 0.031481
0 0.774740 0.721296 0.034896 0.024074
0 0.179427 0.511574 0.022396 0.036111
0 0.393229 0.568981 0.018750 0.019444
0 0.521354 0.602778 0.028125 0.025926
0 0.165625 0.445833 0.011458 0.019444
0 0.231510 0.455556 0.015104 0.018519
0 0.278385 0.477315 0.011979 0.015741
0 0.055729 0.374537 0.017708 0.023148
0 0.371875 0.492593 0.009375 0.011111
0 0.947135 0.793981 0.104688 0.089815
0 0.786458 0.642130 0.057292 0.039815
0 0.378646 0.468981 0.035417 0.039815
0 0.307552 0.431944 0.043229 0.030556
0 0.636979 0.533333 0.018750 0.009259
0 0.942708 0.698611 0.034375 0.025000
0 0.965104 0.702315 0.022917 0.019444
0 0.615625 0.602778 0.014583 0.014815
0 0.140885 0.360648 0.026562 0.028704
0 0.171875 0.362037 0.029167 0.025926
0 0.252865 0.384722 0.024479 0.023148
0 0.282552 0.408796 0.026562 0.026852
