0 1 0.146875 0.660185 0.023958 0.042593
0 2 0.377083 0.563889 0.019792 0.024074
0 3 0.425000 0.581019 0.023958 0.026852
0 4 0.577865 0.652315 0.027604 0.025000
0 5 0.706510 0.735648 0.022396 0.026852
0 7 0.780469 0.655093 0.045312 0.043519
0 8 0.634115 0.600463 0.021354 0.019444
0 9 0.507552 0.557407 0.029687 0.025926
0 10 0.825521 0.629167 0.098958 0.073148
0 11 0.712500 0.548148 0.044792 0.031481
0 12 0.403125 0.442593 0.029167 0.031481
0 13 0.343490 0.414352 0.042188 0.032407
0 14 0.320573 0.397222 0.027604 0.024074
0 15 0.191406 0.363889 0.016146 0.014815
0 16 0.217708 0.362500 0.022917 0.025000
0 17 0.240365 0.373148 0.025521 0.020370
0 18 0.289323 0.384722 0.024479 0.019444
0 19 0.267708 0.374074 0.020833 0.020370
0 20 0.217969 0.431481 0.016146 0.020370
0 21 0.428906 0.512037 0.019271 0.020370
0 22 0.664323 0.576852 0.022396 0.016667
0 23 0.525000 0.485185 0.015625 0.012963
0 24 0.113281 0.598611 0.019271 0.021296
0 25 1.008594 0.749074 0.033854 0.024074
0 28 0.142448 0.749074 0.076563 0.081481
