0 0.515365 0.379630 0.021354 0.020370
0 0.485156 0.380556 0.017188 0.016667
0 0.456771 0.385185 0.020833 0.016667
0 0.362240 0.402315 0.029687 0.015741
0 0.216406 0.424537 0.043229 0.023148
0 0.163542 0.427778 0.050000 0.022222
0 0.040625 0.451389 0.064583 0.034259
0 0.618490 0.372222 0.021354 0.022222
0 0.615104 0.428241 0.020833 0.028704
0 0.641146 0.413426 0.022917 0.025000
0 0.672656 0.396296 0.035937 0.024074
0 0.602344 0.405556 0.046354 0.037037
0 0.516146 0.564352 0.040625 0.087963
0 0.673958 0.692130 0.107292 0.160185
