0 0.722135 0.767593 0.027604 0.027778
0 0.624219 0.791667 0.024479 0.025926
0 0.539323 0.758796 0.024479 0.028704
0 0.425260 0.672222 0.020313 0.024074
0 0.684896 0.775926 0.043750 0.033333
0 0.667188 0.724537 0.030208 0.021296
0 0.088021 0.456019 0.019792 0.032407
0 0.301042 0.539352 0.015625 0.015741
0 0.409635 0.573148 0.023438 0.022222
0 0.087240 0.412963 0.010937 0.018519
0 0.148438 0.423148 0.012500 0.014815
0 0.204427 0.458333 0.009896 0.012963
0 0.384375 0.518519 0.008333 0.009259
0 0.966927 0.846296 0.081771 0.070370
0 0.798438 0.670370 0.065625 0.046296
0 0.345052 0.468519 0.038021 0.042593
0 0.269531 0.427315 0.046354 0.032407
0 0.862760 0.765741 0.042188 0.046296
0 0.923438 0.764815 0.035417 0.029630
0 0.974219 0.746296 0.027604 0.018519
0 0.596354 0.625000 0.025000 0.025926
0 0.098958 0.350000 0.030208 0.033333
0 0.129948 0.350926 0.029687 0.025926
0 0.214844 0.374537 0.026562 0.025000
0 0.244792 0.401389 0.028125 0.028704
