0 1 0.126562 0.712963 0.029167 0.051852
0 2 0.334375 0.538889 0.017708 0.022222
0 3 0.314844 0.590741 0.026562 0.029630
0 4 0.540885 0.638426 0.021354 0.019444
0 5 0.689063 0.713889 0.016667 0.020370
0 7 0.846354 0.706019 0.063542 0.062037
0 8 0.590365 0.594444 0.020313 0.018519
0 9 0.448177 0.537500 0.024479 0.021296
0 10 0.854948 0.655556 0.108854 0.079630
0 11 0.729167 0.563889 0.047917 0.033333
0 12 0.404167 0.449537 0.030208 0.032407
0 13 0.343490 0.420370 0.043229 0.033333
0 14 0.320312 0.403241 0.028125 0.025000
0 15 0.189844 0.367130 0.017188 0.015741
0 16 0.216667 0.365741 0.023958 0.025926
0 17 0.239323 0.377778 0.025521 0.020370
0 18 0.289323 0.388889 0.025521 0.020370
0 19 0.267188 0.378241 0.020833 0.021296
0 20 0.194792 0.422685 0.015625 0.019444
0 21 0.405729 0.509259 0.015625 0.016667
0 23 0.533594 0.494907 0.016146 0.013889
0 26 0.744531 0.613889 0.038021 0.018519
0 27 0.703125 0.600926 0.029167 0.024074
0 28 0.257292 0.704167 0.057292 0.060185
