0 0.976823 0.834259 0.033854 0.033333
0 0.907552 0.935185 0.042188 0.044444
0 0.778646 0.909722 0.038542 0.045370
0 0.725000 0.850926 0.038542 0.046296
0 0.660937 0.710648 0.028125 0.021296
0 0.819531 0.686574 0.032813 0.023148
0 0.244271 0.573611 0.028125 0.045370
0 0.454167 0.594907 0.020833 0.021296
0 0.601823 0.628241 0.028646 0.026852
0 0.220312 0.478241 0.012500 0.021296
0 0.295833 0.485648 0.017708 0.021296
0 0.323958 0.494444 0.012500 0.016667
0 0.108333 0.395833 0.017708 0.023148
0 0.354427 0.476389 0.011979 0.013889
0 0.929948 0.756481 0.140104 0.120370
0 0.766667 0.620833 0.052083 0.036111
0 0.391146 0.468519 0.033333 0.037037
0 0.323177 0.435648 0.041146 0.028704
0 0.607552 0.525926 0.022396 0.011111
0 0.161719 0.370370 0.022396 0.024074
0 0.190885 0.370833 0.028646 0.025000
0 0.269531 0.391667 0.023438 0.022222
0 0.298698 0.413889 0.025521 0.025926
