0 0.519010 0.380556 0.021354 0.020370
0 0.488281 0.382407 0.017188 0.016667
0 0.458854 0.387037 0.020833 0.016667
0 0.358073 0.406019 0.029687 0.015741
0 0.202344 0.429167 0.045312 0.025000
0 0.147135 0.433796 0.052604 0.023148
0 0.008333 0.457870 0.047917 0.025000
0 0.625260 0.372685 0.022396 0.023148
0 0.627604 0.433333 0.023958 0.033333
0 0.654167 0.417130 0.023958 0.026852
0 0.687760 0.398148 0.035937 0.024074
0 0.616927 0.406481 0.046354 0.037037
0 0.515104 0.585648 0.045833 0.099074
0 0.690104 0.743981 0.131250 0.195370
