0 0.518490 0.381944 0.022396 0.021296
0 0.488802 0.383333 0.017188 0.016667
0 0.459375 0.387963 0.020833 0.016667
0 0.358594 0.406019 0.029687 0.015741
0 0.202865 0.430093 0.045312 0.025000
0 0.145573 0.434722 0.052604 0.023148
0 0.008333 0.459259 0.045833 0.024074
0 0.625781 0.372685 0.022396 0.023148
0 0.627604 0.432407 0.023958 0.033333
0 0.654167 0.417130 0.023958 0.026852
0 0.689583 0.396759 0.039583 0.026852
0 0.617448 0.406481 0.046354 0.037037
0 0.515104 0.587037 0.045833 0.100000
0 0.690885 0.747685 0.133854 0.199074
