0 0.505469 0.385648 0.020313 0.019444
0 0.477344 0.380556 0.017188 0.016667
0 0.450000 0.385185 0.020833 0.016667
0 0.357292 0.400926 0.028125 0.014815
0 0.215885 0.421296 0.041146 0.022222
0 0.163281 0.425463 0.047396 0.021296
0 0.041146 0.450463 0.061458 0.032407
0 0.609115 0.371296 0.021354 0.022222
0 0.604688 0.426389 0.021875 0.030556
0 0.628125 0.412963 0.021875 0.024074
0 0.658594 0.393519 0.035937 0.024074
0 0.591927 0.403704 0.046354 0.037037
0 0.510156 0.556019 0.038021 0.082407
0 0.661458 0.669907 0.097917 0.145370
