0 0.759375 0.780556 0.028125 0.027778
0 0.646615 0.804167 0.026562 0.028704
0 0.566927 0.777315 0.025521 0.030556
0 0.459635 0.692130 0.022396 0.026852
0 0.672135 0.760185 0.041146 0.031481
0 0.692187 0.726852 0.031250 0.022222
0 0.106250 0.470833 0.020833 0.034259
0 0.320833 0.546759 0.017708 0.017593
0 0.434375 0.581019 0.025000 0.023148
0 0.101823 0.422222 0.010937 0.018519
0 0.163542 0.432870 0.012500 0.015741
0 0.219271 0.464352 0.010417 0.013889
0 0.375260 0.510648 0.008854 0.010185
0 0.972656 0.837963 0.090104 0.077778
0 0.789583 0.662037 0.063542 0.044444
0 0.349479 0.468981 0.037500 0.041667
0 0.274740 0.428704 0.045312 0.031481
0 0.887760 0.746296 0.035937 0.038889
0 0.935156 0.744444 0.030729 0.025926
0 0.971875 0.726389 0.026042 0.017593
0 0.599740 0.619444 0.021354 0.022222
0 0.104427 0.353241 0.029687 0.032407
0 0.135417 0.355093 0.030208 0.026852
0 0.219792 0.378241 0.026042 0.025000
0 0.249740 0.403704 0.027604 0.027778
