0 0.728125 0.769444 0.028125 0.027778
0 0.627083 0.793981 0.025000 0.026852
0 0.544271 0.762037 0.025000 0.029630
0 0.431250 0.675463 0.020833 0.025000
0 0.682292 0.772222 0.043750 0.033333
0 0.671354 0.725463 0.030208 0.021296
0 0.090885 0.458796 0.020313 0.032407
0 0.304167 0.540741 0.016667 0.016667
0 0.414062 0.575000 0.023958 0.022222
0 0.089323 0.414815 0.010937 0.018519
0 0.150000 0.424537 0.012500 0.015741
0 0.206510 0.459259 0.009896 0.012963
0 0.382292 0.517593 0.008333 0.009259
0 0.958073 0.849074 0.081771 0.070370
0 0.796354 0.668056 0.065625 0.045370
0 0.345573 0.468519 0.038021 0.042593
0 0.270573 0.427315 0.046354 0.032407
0 0.867448 0.762500 0.040104 0.043519
0 0.925521 0.760648 0.034375 0.028704
0 0.973698 0.742593 0.026562 0.018519
0 0.596875 0.624074 0.025000 0.025926
0 0.099479 0.350926 0.030208 0.033333
0 0.130469 0.352315 0.030729 0.026852
0 0.215365 0.375463 0.026562 0.025000
0 0.245312 0.401389 0.028125 0.028704
