0 0.697396 0.760648 0.023958 0.023148
0 0.611719 0.785185 0.022396 0.024074
0 0.519531 0.744444 0.023438 0.027778
0 0.401042 0.656019 0.017708 0.021296
0 0.697917 0.790278 0.046875 0.036111
0 0.648958 0.723148 0.028125 0.020370
0 0.077344 0.444444 0.019271 0.031481
0 0.287760 0.532870 0.015104 0.015741
0 0.392708 0.566667 0.021875 0.020370
0 0.078906 0.404630 0.010937 0.018519
0 0.138802 0.414815 0.011979 0.014815
0 0.195833 0.453241 0.009375 0.012037
0 0.394531 0.526389 0.008854 0.010185
0 0.809115 0.678241 0.068229 0.047222
0 0.344792 0.467593 0.038542 0.042593
0 0.268750 0.425463 0.046875 0.032407
0 0.839063 0.780093 0.044792 0.049074
0 0.911198 0.782870 0.040104 0.034259
0 0.977865 0.764815 0.029687 0.020370
0 0.590625 0.629167 0.026042 0.026852
0 0.099219 0.346296 0.031771 0.035185
0 0.128646 0.347222 0.032292 0.027778
0 0.213802 0.371759 0.026562 0.025000
0 0.244010 0.398611 0.028646 0.028704
