0 1 0.148958 0.648148 0.023958 0.042593
0 2 0.386458 0.569444 0.020833 0.025926
0 3 0.444792 0.581019 0.023958 0.026852
0 4 0.587240 0.655093 0.028646 0.026852
0 5 0.710156 0.742130 0.022396 0.026852
0 7 0.772656 0.645833 0.039062 0.037963
0 8 0.641406 0.599074 0.022396 0.020370
0 9 0.520833 0.559722 0.027083 0.023148
0 10 0.817969 0.622685 0.096354 0.071296
0 11 0.707552 0.543981 0.044271 0.030556
0 12 0.401042 0.440741 0.029167 0.031481
0 13 0.341667 0.413426 0.041667 0.032407
0 14 0.319010 0.396296 0.027604 0.024074
0 15 0.190365 0.363889 0.016146 0.014815
0 16 0.216667 0.361574 0.022917 0.025000
0 17 0.239063 0.372222 0.025000 0.020370
0 18 0.288281 0.383796 0.024479 0.019444
0 19 0.266406 0.373148 0.020313 0.020370
0 20 0.222656 0.435185 0.016146 0.020370
0 21 0.432031 0.512500 0.021354 0.023148
0 22 0.651823 0.569444 0.024479 0.018519
0 23 0.522135 0.483333 0.015104 0.012963
0 24 0.135417 0.587037 0.017708 0.020370
0 25 1.001823 0.738889 0.042188 0.029630
0 28 0.104688 0.762963 0.080208 0.085185
0 29 0.585156 0.480093 0.019271 0.017593
