0 0.684896 0.756019 0.021875 0.021296
0 0.606510 0.781481 0.022396 0.024074
0 0.508854 0.736574 0.022917 0.026852
0 0.388802 0.647222 0.017188 0.020370
0 0.704948 0.798611 0.047396 0.036111
0 0.638542 0.721759 0.027083 0.019444
0 0.071875 0.437500 0.018750 0.030556
0 0.280208 0.528704 0.014583 0.014815
0 0.383594 0.562037 0.021354 0.020370
0 0.074740 0.400000 0.010937 0.018519
0 0.135156 0.410185 0.011979 0.014815
0 0.191406 0.450463 0.008854 0.012037
0 0.400781 0.531019 0.008854 0.010185
0 0.815885 0.684722 0.069271 0.049074
0 0.345052 0.468056 0.039062 0.043519
0 0.268490 0.425000 0.047396 0.033333
0 0.824219 0.786574 0.046354 0.050926
0 0.901302 0.793056 0.042188 0.036111
0 0.978125 0.777315 0.031250 0.021296
0 0.585938 0.630093 0.023958 0.025000
0 0.099740 0.344444 0.031771 0.035185
0 0.127865 0.345370 0.031771 0.027778
0 0.213281 0.369907 0.026562 0.025000
0 0.243490 0.396759 0.028646 0.028704
