0 1 0.142187 0.675926 0.025000 0.044444
0 2 0.364063 0.556019 0.018750 0.023148
0 3 0.398438 0.577315 0.025000 0.028704
0 4 0.565104 0.648611 0.025000 0.023148
0 5 0.701823 0.727778 0.021354 0.025926
0 7 0.799219 0.672222 0.047396 0.046296
0 8 0.620573 0.598148 0.020313 0.018519
0 9 0.489844 0.550926 0.025521 0.022222
0 10 0.834635 0.636574 0.101562 0.075000
0 11 0.717708 0.552315 0.045833 0.032407
0 12 0.403906 0.443519 0.029687 0.031481
0 13 0.343750 0.415278 0.042708 0.032407
0 14 0.320833 0.398148 0.028125 0.024074
0 15 0.191667 0.363889 0.016667 0.014815
0 16 0.217969 0.362500 0.023438 0.025000
0 17 0.240365 0.374537 0.025521 0.021296
0 18 0.290104 0.384722 0.025000 0.019444
0 19 0.268229 0.375000 0.020833 0.020370
0 20 0.211458 0.430093 0.015625 0.019444
0 21 0.421615 0.510648 0.020313 0.021296
0 22 0.678385 0.583796 0.025521 0.019444
0 23 0.527604 0.487037 0.016667 0.014815
0 24 0.069531 0.610648 0.022396 0.025000
0 26 0.769010 0.591204 0.035937 0.017593
0 28 0.191146 0.735185 0.080208 0.085185
