0 0.774219 0.785648 0.027604 0.026852
0 0.657292 0.809722 0.027083 0.028704
0 0.577865 0.783796 0.025521 0.030556
0 0.474219 0.700000 0.021354 0.025926
0 0.669271 0.755556 0.040625 0.031481
0 0.702083 0.726852 0.032292 0.022222
0 0.114323 0.475463 0.021354 0.034259
0 0.329167 0.550000 0.017708 0.018519
0 0.444531 0.584259 0.025521 0.024074
0 0.108594 0.425000 0.010937 0.018519
0 0.170573 0.435648 0.013021 0.015741
0 0.225521 0.466204 0.010417 0.013889
0 0.372917 0.508796 0.008333 0.010185
0 0.958073 0.825926 0.081771 0.070370
0 0.787240 0.658796 0.061979 0.043519
0 0.352083 0.468981 0.037500 0.041667
0 0.277604 0.429630 0.044792 0.031481
0 0.896094 0.740741 0.033854 0.037037
0 0.938802 0.738426 0.029687 0.025000
0 0.972135 0.722222 0.026562 0.018519
0 0.602083 0.617130 0.016667 0.017593
0 0.107292 0.355093 0.029167 0.032407
0 0.139323 0.355556 0.029687 0.025926
0 0.222656 0.378704 0.025521 0.024074
0 0.252865 0.403704 0.027604 0.027778
