0 0.738281 0.773148 0.028646 0.027778
0 0.632552 0.796759 0.025521 0.026852
0 0.551302 0.767130 0.025521 0.030556
0 0.439583 0.681019 0.020833 0.025000
0 0.678125 0.768056 0.042708 0.032407
0 0.677865 0.725463 0.030729 0.021296
0 0.095312 0.462963 0.020833 0.033333
0 0.309115 0.543056 0.017188 0.017593
0 0.420573 0.577315 0.024479 0.023148
0 0.092969 0.417593 0.010937 0.018519
0 0.154167 0.427315 0.012500 0.015741
0 0.210156 0.461111 0.009896 0.012963
0 0.380208 0.514815 0.008333 0.009259
0 0.965365 0.838889 0.085938 0.074074
0 0.793229 0.666204 0.064583 0.045370
0 0.346615 0.468056 0.038021 0.041667
0 0.271354 0.428241 0.045833 0.032407
0 0.875000 0.756944 0.036458 0.039815
0 0.928906 0.754630 0.032813 0.027778
0 0.972396 0.736574 0.026042 0.017593
0 0.597917 0.622222 0.025000 0.025926
0 0.100521 0.351852 0.030208 0.033333
0 0.131771 0.352315 0.031250 0.026852
0 0.216406 0.376389 0.026562 0.025000
0 0.246354 0.402315 0.028125 0.028704
