0 0.628646 0.726389 0.019792 0.019444
0 0.573177 0.762037 0.019271 0.020370
0 0.454167 0.697685 0.020833 0.025000
0 0.315365 0.609259 0.015104 0.018519
0 0.725000 0.843056 0.052083 0.039815
0 0.575260 0.708333 0.023438 0.016667
0 0.037760 0.405556 0.017188 0.027778
0 0.238542 0.507870 0.013542 0.013889
0 0.332031 0.540278 0.019271 0.017593
0 0.045833 0.377778 0.010417 0.018519
0 0.107813 0.388426 0.011458 0.013889
0 0.162240 0.433796 0.008854 0.012037
0 0.432031 0.554630 0.009896 0.011111
0 0.843750 0.711111 0.077083 0.053704
0 0.338542 0.466204 0.040625 0.045370
0 0.259375 0.419907 0.048958 0.034259
0 0.733073 0.799537 0.043229 0.047222
0 0.829948 0.823611 0.047396 0.039815
0 0.952604 0.841204 0.043750 0.030556
0 0.557813 0.624074 0.017708 0.018519
0 0.092188 0.333796 0.034375 0.037963
0 0.117188 0.335185 0.032292 0.027778
0 0.204687 0.360648 0.028125 0.026852
0 0.234115 0.389815 0.028646 0.029630
