0 0.966667 0.832870 0.033333 0.032407
0 0.888281 0.923611 0.042188 0.045370
0 0.762500 0.898148 0.037500 0.044444
0 0.702604 0.836574 0.036458 0.043519
0 0.658854 0.712963 0.031250 0.024074
0 0.815625 0.691667 0.034375 0.024074
0 0.235677 0.563889 0.027604 0.044444
0 0.446354 0.591204 0.020833 0.021296
0 0.591406 0.625000 0.027604 0.025926
0 0.212500 0.473611 0.012500 0.021296
0 0.287240 0.481019 0.017188 0.021296
0 0.318229 0.492593 0.012500 0.016667
0 0.102083 0.392130 0.017708 0.023148
0 0.356510 0.478241 0.011979 0.013889
0 0.929427 0.761111 0.140104 0.120370
0 0.769010 0.623148 0.052604 0.037037
0 0.389844 0.468519 0.033854 0.037037
0 0.321354 0.434722 0.041667 0.028704
0 0.613021 0.526852 0.022917 0.011111
0 0.159375 0.368519 0.021875 0.024074
0 0.188281 0.369907 0.028646 0.025000
0 0.267448 0.390741 0.023438 0.022222
0 0.296615 0.412963 0.025521 0.025926
