0 0.515365 0.380093 0.020313 0.019444
0 0.487240 0.381481 0.017188 0.016667
0 0.457813 0.387037 0.020833 0.016667
0 0.362240 0.403241 0.029687 0.015741
0 0.214844 0.425463 0.043229 0.023148
0 0.160938 0.428704 0.050000 0.022222
0 0.038542 0.453241 0.058333 0.030556
0 0.620573 0.372222 0.021354 0.022222
0 0.618229 0.429167 0.021875 0.030556
0 0.643750 0.414352 0.022917 0.025000
0 0.675781 0.396296 0.035937 0.024074
0 0.605990 0.405556 0.046354 0.037037
0 0.516406 0.568981 0.041146 0.089815
0 0.677344 0.700463 0.110937 0.165741
