0 0.809635 0.798148 0.026562 0.025926
0 0.686198 0.824537 0.028646 0.030556
0 0.604427 0.800926 0.026562 0.031481
0 0.508073 0.716667 0.023438 0.027778
0 0.664844 0.745370 0.039062 0.029630
0 0.726042 0.725926 0.034375 0.024074
0 0.134375 0.487500 0.021875 0.036111
0 0.349740 0.556019 0.019271 0.019444
0 0.468750 0.590741 0.025000 0.024074
0 0.125260 0.431481 0.010937 0.018519
0 0.188542 0.441667 0.013542 0.016667
0 0.241667 0.470370 0.011458 0.014815
0 0.014063 0.363889 0.016667 0.022222
0 0.371094 0.502315 0.008854 0.010185
0 0.960156 0.815741 0.099479 0.085185
0 0.784896 0.653704 0.060417 0.042593
0 0.359375 0.468519 0.036458 0.040741
0 0.286198 0.430093 0.044271 0.030556
0 0.911979 0.725463 0.028125 0.030556
0 0.948177 0.725463 0.026562 0.023148
0 0.973437 0.711111 0.026042 0.018519
0 0.607292 0.613426 0.011458 0.012037
0 0.116667 0.356481 0.028125 0.031481
0 0.148698 0.357870 0.030729 0.026852
0 0.231510 0.380556 0.025521 0.024074
0 0.261458 0.405556 0.027083 0.027778
