0 0.914062 0.826389 0.029167 0.028704
0 0.797656 0.879167 0.036979 0.039815
0 0.697656 0.855556 0.032813 0.038889
0 0.618750 0.781944 0.031250 0.037963
0 0.657031 0.722685 0.040104 0.030556
0 0.793490 0.714352 0.034896 0.025000
0 0.198437 0.529630 0.023958 0.038889
0 0.410938 0.575926 0.018750 0.018519
0 0.546354 0.611111 0.029167 0.027778
0 0.180990 0.456481 0.011979 0.020370
0 0.250000 0.464815 0.015625 0.018519
0 0.291406 0.484259 0.011979 0.016667
0 0.070833 0.381019 0.017708 0.023148
0 0.365365 0.487500 0.009896 0.012037
0 0.950521 0.781481 0.120833 0.103704
0 0.779427 0.635185 0.055729 0.038889
0 0.382031 0.468519 0.034896 0.038889
0 0.311979 0.433333 0.042708 0.029630
0 0.630990 0.531944 0.020313 0.010185
0 0.944531 0.683333 0.030729 0.022222
0 0.146094 0.364815 0.025521 0.027778
0 0.177083 0.365278 0.029167 0.025000
0 0.257552 0.387500 0.024479 0.023148
0 0.286979 0.410648 0.026042 0.026852
