0 0.770573 0.783796 0.027604 0.026852
0 0.654687 0.807870 0.027083 0.028704
0 0.575260 0.781944 0.025521 0.030556
0 0.470833 0.698148 0.021875 0.025926
0 0.669531 0.756019 0.040104 0.030556
0 0.699219 0.726852 0.031771 0.022222
0 0.112240 0.474537 0.021354 0.034259
0 0.327083 0.549074 0.017708 0.018519
0 0.441667 0.582870 0.025000 0.023148
0 0.106510 0.424074 0.010937 0.018519
0 0.168490 0.434722 0.013021 0.015741
0 0.223958 0.465278 0.010417 0.013889
0 0.373437 0.508796 0.008333 0.010185
0 0.955990 0.827778 0.085938 0.074074
0 0.787500 0.659722 0.062500 0.043519
0 0.351042 0.468981 0.037500 0.041667
0 0.277083 0.429630 0.044792 0.031481
0 0.893750 0.742130 0.034375 0.037963
0 0.937760 0.739352 0.029687 0.025000
0 0.972135 0.723148 0.026562 0.018519
0 0.601562 0.617593 0.017708 0.018519
0 0.107031 0.354167 0.029687 0.032407
0 0.138021 0.355556 0.030208 0.025926
0 0.221615 0.378704 0.025521 0.024074
0 0.251823 0.404167 0.027604 0.028704
