0 0.951823 0.831944 0.032813 0.032407
0 0.863281 0.909259 0.042188 0.044444
0 0.742969 0.884722 0.034896 0.041667
0 0.676302 0.818981 0.035937 0.043519
0 0.655729 0.714815 0.034375 0.025926
0 0.811458 0.698148 0.032292 0.022222
0 0.225521 0.554167 0.027083 0.043519
0 0.435677 0.586574 0.020313 0.021296
0 0.578125 0.620370 0.029167 0.027778
0 0.203125 0.468056 0.012500 0.021296
0 0.276042 0.475463 0.017708 0.021296
0 0.309896 0.489815 0.012500 0.016667
0 0.092708 0.387963 0.018750 0.024074
0 0.358854 0.480556 0.011458 0.012963
0 0.941406 0.766667 0.140104 0.120370
0 0.771354 0.625926 0.053125 0.037037
0 0.387500 0.468056 0.034375 0.037963
0 0.318490 0.434259 0.042188 0.029630
0 0.618750 0.527778 0.022917 0.011111
0 0.944271 0.665741 0.023958 0.016667
0 0.155208 0.367593 0.023958 0.025926
0 0.184635 0.368056 0.028646 0.025000
0 0.264323 0.388889 0.023438 0.022222
0 0.293750 0.412037 0.026042 0.025926
