0 1 0.123958 0.719444 0.029167 0.051852
0 2 0.331771 0.539815 0.017708 0.022222
0 3 0.306250 0.591204 0.025000 0.028704
0 4 0.538281 0.637963 0.020313 0.018519
0 5 0.687500 0.712500 0.015625 0.019444
0 7 0.852344 0.711111 0.070312 0.068519
0 8 0.585677 0.593519 0.020313 0.018519
0 9 0.442969 0.537500 0.024479 0.021296
0 10 0.856771 0.658796 0.109375 0.080556
0 11 0.730208 0.565741 0.047917 0.033333
0 12 0.403646 0.450463 0.030208 0.032407
0 13 0.342969 0.420370 0.043229 0.033333
0 14 0.319531 0.403241 0.028646 0.025000
0 15 0.189323 0.367130 0.017188 0.015741
0 16 0.216146 0.366667 0.023958 0.025926
0 17 0.238281 0.377778 0.025521 0.020370
0 18 0.288542 0.388889 0.025000 0.020370
0 19 0.266667 0.379167 0.020833 0.021296
0 20 0.191406 0.422222 0.016146 0.020370
0 21 0.403646 0.509259 0.015625 0.016667
0 23 0.534635 0.496296 0.015104 0.012963
0 26 0.739844 0.617593 0.038021 0.018519
0 27 0.708594 0.604630 0.030729 0.025926
0 28 0.258073 0.707407 0.054688 0.057407
