0 0.504427 0.379167 0.020313 0.019444
0 0.473177 0.379167 0.016146 0.015741
0 0.447396 0.383333 0.020833 0.016667
0 0.354687 0.400000 0.028125 0.014815
0 0.217448 0.419907 0.039062 0.021296
0 0.165885 0.422685 0.047396 0.021296
0 0.046354 0.447685 0.064583 0.034259
0 0.602344 0.371759 0.020313 0.021296
0 0.595833 0.424537 0.020833 0.028704
0 0.619271 0.412037 0.021875 0.024074
0 0.652865 0.392593 0.035937 0.024074
0 0.583073 0.402778 0.044271 0.035185
0 0.508073 0.548148 0.036979 0.079630
0 0.653125 0.651852 0.090625 0.135185
