0 0.921615 0.827315 0.029687 0.028704
0 0.809896 0.884259 0.038542 0.040741
0 0.705990 0.860648 0.033854 0.039815
0 0.629167 0.787963 0.032292 0.038889
0 0.655208 0.720833 0.039583 0.030556
0 0.797135 0.710185 0.034896 0.024074
0 0.203125 0.534259 0.023958 0.038889
0 0.415625 0.578241 0.018750 0.019444
0 0.552344 0.612037 0.029687 0.027778
0 0.184635 0.458333 0.011979 0.020370
0 0.253906 0.467130 0.016146 0.019444
0 0.294531 0.484722 0.011979 0.015741
0 0.074479 0.381944 0.017708 0.023148
0 0.363542 0.485648 0.010417 0.012037
0 0.939063 0.778704 0.120833 0.103704
0 0.777344 0.632870 0.054688 0.037963
0 0.382552 0.468519 0.034896 0.038889
0 0.312500 0.433333 0.042708 0.029630
0 0.628906 0.530093 0.021354 0.010185
0 0.943750 0.678704 0.029167 0.020370
0 0.147135 0.364815 0.025521 0.027778
0 0.178125 0.365278 0.029167 0.025000
0 0.258333 0.387500 0.023958 0.023148
0 0.287500 0.410648 0.026042 0.026852
