0 1 0.145833 0.637037 0.023958 0.042593
0 2 0.393229 0.575000 0.022917 0.027778
0 3 0.453646 0.580093 0.020833 0.023148
0 4 0.593750 0.655093 0.033333 0.030556
0 5 0.712240 0.748611 0.022396 0.026852
0 6 0.992969 0.767130 0.078646 0.039815
0 7 0.754427 0.628241 0.041146 0.039815
0 8 0.648177 0.600000 0.023438 0.022222
0 9 0.531771 0.563426 0.027083 0.023148
0 10 0.808073 0.616204 0.094271 0.069444
0 11 0.700000 0.540278 0.043750 0.030556
0 12 0.396875 0.439352 0.029167 0.030556
0 13 0.337500 0.412037 0.041667 0.031481
0 14 0.314844 0.396296 0.027604 0.024074
0 15 0.186719 0.363426 0.017188 0.015741
0 16 0.212500 0.361574 0.022917 0.025000
0 17 0.234896 0.372222 0.025000 0.020370
0 18 0.284115 0.382870 0.024479 0.019444
0 19 0.262240 0.373148 0.020313 0.020370
0 20 0.224219 0.436574 0.017188 0.021296
0 21 0.433333 0.513889 0.020833 0.022222
0 22 0.636719 0.563889 0.024479 0.018519
0 23 0.516927 0.482407 0.019271 0.016667
0 24 0.158594 0.577778 0.018229 0.020370
0 25 0.992188 0.726389 0.038542 0.026852
0 28 0.059896 0.778241 0.072917 0.076852
0 29 0.579427 0.476852 0.019271 0.016667
