0 1 0.145833 0.666667 0.023958 0.042593
0 2 0.371875 0.561111 0.019792 0.024074
0 3 0.414062 0.581019 0.023958 0.026852
0 4 0.572656 0.652315 0.027604 0.025000
0 5 0.704948 0.733333 0.021354 0.025926
0 7 0.794010 0.660648 0.043229 0.041667
0 8 0.629948 0.600000 0.020313 0.018519
0 9 0.500521 0.554630 0.028125 0.024074
0 10 0.829167 0.631944 0.100000 0.073148
0 11 0.714323 0.549074 0.045312 0.031481
0 12 0.403125 0.442593 0.029167 0.031481
0 13 0.343229 0.414352 0.042708 0.032407
0 14 0.320573 0.398148 0.027604 0.024074
0 15 0.191667 0.363889 0.016667 0.014815
0 16 0.218490 0.362500 0.023438 0.025000
0 17 0.240365 0.373148 0.025521 0.020370
0 18 0.289844 0.384722 0.024479 0.019444
0 19 0.268229 0.374074 0.020833 0.020370
0 20 0.215104 0.431019 0.015625 0.019444
0 21 0.426302 0.511574 0.018229 0.019444
0 22 0.671615 0.580093 0.025521 0.019444
0 23 0.526302 0.485648 0.016146 0.013889
0 24 0.098698 0.603704 0.021354 0.024074
0 26 0.774740 0.585648 0.035937 0.017593
0 28 0.158073 0.745370 0.076563 0.081481
