0 1 0.133333 0.700000 0.025000 0.044444
0 2 0.343750 0.545370 0.017708 0.022222
0 3 0.345833 0.585185 0.021875 0.024074
0 4 0.549219 0.642130 0.023438 0.021296
0 5 0.692969 0.717130 0.017188 0.021296
0 7 0.835417 0.693519 0.060417 0.059259
0 8 0.600260 0.595370 0.020313 0.018519
0 9 0.461198 0.540741 0.025521 0.022222
0 10 0.848437 0.649074 0.105208 0.077778
0 11 0.726302 0.559259 0.047396 0.033333
0 12 0.404427 0.447222 0.029687 0.031481
0 13 0.343750 0.418056 0.042708 0.032407
0 14 0.320833 0.400926 0.028125 0.024074
0 15 0.191146 0.366204 0.017708 0.015741
0 16 0.217969 0.364815 0.023438 0.025926
0 17 0.240104 0.375926 0.025000 0.020370
0 18 0.290104 0.387500 0.025000 0.019444
0 19 0.268229 0.377315 0.020833 0.021296
0 20 0.200781 0.424537 0.017188 0.021296
0 21 0.411719 0.509722 0.016146 0.017593
0 23 0.532552 0.492130 0.016146 0.013889
0 26 0.753906 0.607407 0.038021 0.018519
0 27 0.697135 0.594444 0.026562 0.022222
0 28 0.238281 0.716667 0.063021 0.066667
