0 0.670573 0.748148 0.021354 0.020370
0 0.599219 0.776852 0.020313 0.022222
0 0.494792 0.725926 0.021875 0.025926
0 0.370573 0.635185 0.014063 0.016667
0 0.713802 0.810185 0.048438 0.037037
0 0.623437 0.718519 0.026042 0.018519
0 0.064844 0.427778 0.018229 0.029630
0 0.270052 0.523148 0.014063 0.014815
0 0.370833 0.556019 0.020833 0.019444
0 0.069531 0.393519 0.010937 0.018519
0 0.129167 0.404167 0.011458 0.013889
0 0.185677 0.445833 0.008854 0.012037
0 0.410677 0.536574 0.008854 0.010185
0 0.825521 0.691667 0.071875 0.050000
0 0.345313 0.467130 0.039583 0.043519
0 0.268229 0.423148 0.047917 0.033333
0 0.802344 0.793519 0.047396 0.051852
0 0.884896 0.805093 0.044792 0.037963
0 0.977083 0.794907 0.033333 0.023148
0 0.579167 0.629630 0.020833 0.022222
0 0.099740 0.341204 0.032813 0.036111
0 0.127604 0.342593 0.032292 0.027778
0 0.213021 0.367593 0.027083 0.025926
0 0.242969 0.394907 0.028646 0.028704
