0 0.503906 0.378241 0.020313 0.019444
0 0.472656 0.379167 0.016146 0.015741
0 0.446875 0.384259 0.020833 0.016667
0 0.354167 0.400000 0.028125 0.014815
0 0.214844 0.420833 0.039062 0.021296
0 0.162760 0.424074 0.045312 0.020370
0 0.041667 0.449537 0.064583 0.034259
0 0.602865 0.372222 0.021354 0.022222
0 0.597917 0.425463 0.021875 0.030556
0 0.621875 0.411574 0.020833 0.023148
0 0.654427 0.392593 0.035937 0.024074
0 0.586198 0.402778 0.046354 0.037037
0 0.507292 0.550926 0.037500 0.081481
0 0.654687 0.658796 0.093750 0.139815
