0 0.741406 0.774537 0.028646 0.028704
0 0.634635 0.797685 0.025521 0.026852
0 0.553906 0.768056 0.025521 0.030556
0 0.442969 0.683333 0.021354 0.025926
0 0.677083 0.767130 0.042708 0.032407
0 0.679948 0.725926 0.030729 0.022222
0 0.097396 0.463889 0.020833 0.033333
0 0.310677 0.543981 0.017188 0.017593
0 0.422656 0.577315 0.024479 0.023148
0 0.094010 0.418519 0.010937 0.018519
0 0.155729 0.427778 0.012500 0.014815
0 0.211719 0.462037 0.009896 0.012963
0 0.379167 0.514815 0.008333 0.009259
0 0.958073 0.838889 0.081771 0.070370
0 0.792708 0.665278 0.064583 0.045370
0 0.347135 0.468056 0.038021 0.041667
0 0.271875 0.428241 0.045833 0.032407
0 0.876823 0.755093 0.038021 0.041667
0 0.930208 0.753241 0.032292 0.026852
0 0.972396 0.734722 0.026042 0.017593
0 0.598177 0.621759 0.024479 0.025000
0 0.101042 0.351852 0.030208 0.033333
0 0.132292 0.353241 0.031250 0.026852
0 0.216667 0.376389 0.026042 0.025000
0 0.246875 0.402315 0.028125 0.028704
