0 0.850521 0.809722 0.027083 0.026852
0 0.723177 0.841667 0.029687 0.031481
0 0.637760 0.818056 0.028646 0.034259
0 0.547656 0.736574 0.026562 0.032407
0 0.663802 0.735648 0.040104 0.030556
0 0.754167 0.724537 0.035417 0.025000
0 0.160156 0.500463 0.022396 0.036111
0 0.375000 0.562500 0.018750 0.019444
0 0.498177 0.597685 0.026562 0.025000
0 0.147917 0.439815 0.011458 0.020370
0 0.213021 0.448611 0.014583 0.017593
0 0.263021 0.474074 0.011458 0.014815
0 0.038021 0.368981 0.017708 0.023148
0 0.371875 0.496296 0.009375 0.011111
0 0.961198 0.802315 0.104688 0.089815
0 0.786198 0.646759 0.058854 0.041667
0 0.370573 0.468056 0.035937 0.039815
0 0.298438 0.431019 0.043750 0.030556
0 0.634896 0.533333 0.018750 0.009259
0 0.934635 0.708333 0.036979 0.025926
0 0.959115 0.711574 0.024479 0.021296
0 0.977344 0.700926 0.026562 0.018519
0 0.616146 0.610648 0.011458 0.012037
0 0.130469 0.358796 0.027604 0.030556
0 0.161979 0.360185 0.029167 0.025926
0 0.244010 0.381944 0.024479 0.023148
0 0.273698 0.406944 0.026562 0.026852
