0 0.660417 0.743056 0.019792 0.019444
0 0.593229 0.772685 0.019792 0.021296
0 0.484635 0.718056 0.021354 0.025000
0 0.357292 0.627315 0.014583 0.017593
0 0.718490 0.819907 0.049479 0.037963
0 0.611719 0.716667 0.025521 0.018519
0 0.058854 0.420833 0.017708 0.028704
0 0.262760 0.518519 0.014063 0.014815
0 0.361198 0.552315 0.020313 0.019444
0 0.064323 0.388889 0.010937 0.018519
0 0.125000 0.399537 0.011458 0.013889
0 0.180469 0.442130 0.008854 0.012037
0 0.417187 0.541667 0.009375 0.011111
0 0.831510 0.697222 0.073438 0.051852
0 0.344792 0.466667 0.039583 0.044444
0 0.266667 0.422222 0.047917 0.033333
0 0.784115 0.797222 0.047396 0.051852
0 0.871615 0.811574 0.046354 0.039815
0 0.973698 0.807407 0.034896 0.024074
0 0.574740 0.629167 0.020313 0.021296
0 0.099479 0.338889 0.033333 0.037037
0 0.126042 0.340278 0.032292 0.028704
0 0.211979 0.365741 0.027083 0.025926
0 0.241927 0.393519 0.028646 0.029630
