0 0.938542 0.829167 0.031250 0.030556
0 0.841406 0.897222 0.042188 0.044444
0 0.727083 0.874074 0.034375 0.040741
0 0.655469 0.805556 0.033854 0.040741
0 0.653646 0.717593 0.036458 0.027778
0 0.805990 0.702315 0.032813 0.023148
0 0.215885 0.544444 0.025521 0.040741
0 0.426823 0.582870 0.019271 0.019444
0 0.567448 0.616667 0.029687 0.027778
0 0.195052 0.463889 0.011979 0.020370
0 0.266406 0.471759 0.017188 0.021296
0 0.303385 0.487500 0.011979 0.015741
0 0.084896 0.386111 0.018750 0.024074
0 0.360156 0.481944 0.010937 0.012037
0 0.944271 0.771296 0.133333 0.114815
0 0.773438 0.628241 0.054167 0.037963
0 0.384896 0.468056 0.034375 0.037963
0 0.315885 0.433333 0.042188 0.029630
0 0.622917 0.528704 0.022917 0.011111
0 0.945312 0.669444 0.029167 0.020370
0 0.153385 0.366204 0.021354 0.023148
0 0.181771 0.367130 0.029167 0.025000
0 0.261458 0.387963 0.023958 0.022222
0 0.291146 0.411574 0.026042 0.026852
