0 0.888281 0.820833 0.027604 0.026852
0 0.763542 0.862037 0.033333 0.035185
0 0.671875 0.837963 0.031250 0.037037
0 0.587240 0.759722 0.028646 0.034259
0 0.663021 0.728704 0.040625 0.031481
0 0.778906 0.720833 0.034896 0.025000
0 0.183594 0.515278 0.022396 0.036111
0 0.397396 0.569444 0.018750 0.018519
0 0.526302 0.604630 0.027604 0.025926
0 0.169010 0.448148 0.011979 0.020370
0 0.235417 0.457407 0.015625 0.018519
0 0.281510 0.479167 0.011979 0.015741
0 0.059375 0.375463 0.017708 0.023148
0 0.371094 0.491667 0.009896 0.011111
0 0.947656 0.792130 0.104688 0.089815
0 0.785937 0.641204 0.057292 0.039815
0 0.379688 0.468519 0.035417 0.038889
0 0.308594 0.432407 0.043229 0.029630
0 0.636458 0.533333 0.018750 0.009259
0 0.944010 0.696296 0.033854 0.024074
0 0.616667 0.602315 0.014583 0.015741
0 0.142448 0.361574 0.026562 0.028704
0 0.173958 0.362500 0.029167 0.025000
0 0.254427 0.384722 0.024479 0.023148
0 0.284115 0.408796 0.026562 0.026852
