0 0.672135 0.749537 0.021354 0.021296
0 0.600000 0.777778 0.020833 0.022222
0 0.496875 0.727778 0.021875 0.025926
0 0.373177 0.637037 0.014063 0.016667
0 0.712240 0.808333 0.048438 0.037037
0 0.626042 0.719444 0.026042 0.018519
0 0.065885 0.428704 0.018229 0.029630
0 0.271875 0.523148 0.014583 0.014815
0 0.372396 0.556944 0.020833 0.019444
0 0.070052 0.394444 0.010937 0.018519
0 0.130469 0.405556 0.011979 0.014815
0 0.186719 0.445833 0.008854 0.012037
0 0.409115 0.535648 0.008854 0.010185
0 0.824219 0.690741 0.071354 0.050000
0 0.345313 0.467130 0.039583 0.043519
0 0.268229 0.423148 0.047917 0.033333
0 0.805469 0.793519 0.047396 0.051852
0 0.887500 0.803241 0.044792 0.037963
0 0.977344 0.791667 0.032813 0.022222
0 0.580208 0.629630 0.021875 0.022222
0 0.098437 0.341204 0.029167 0.032407
0 0.127604 0.342593 0.032292 0.027778
0 0.213281 0.368056 0.026562 0.025000
0 0.243490 0.395370 0.028646 0.029630
