0 1 0.137500 0.621296 0.023958 0.042593
0 2 0.399479 0.585185 0.023958 0.029630
0 3 0.458333 0.582407 0.019792 0.022222
0 4 0.602083 0.656019 0.033333 0.030556
0 5 0.714323 0.757407 0.024479 0.029630
0 6 0.955990 0.753241 0.078646 0.039815
0 7 0.727344 0.612500 0.039062 0.037963
0 8 0.655729 0.599537 0.025000 0.023148
0 9 0.539323 0.563889 0.032813 0.027778
0 10 0.788542 0.607407 0.090625 0.066667
0 11 0.684635 0.534259 0.042188 0.029630
0 12 0.386719 0.438426 0.028646 0.030556
0 13 0.327865 0.411111 0.041146 0.031481
0 14 0.304948 0.396296 0.027604 0.024074
0 15 0.177344 0.363889 0.018229 0.016667
0 16 0.202604 0.362500 0.022917 0.025000
0 17 0.225000 0.372222 0.025000 0.020370
0 18 0.274219 0.383796 0.024479 0.019444
0 19 0.252344 0.373148 0.020313 0.020370
0 20 0.222396 0.441204 0.018750 0.023148
0 21 0.431250 0.515741 0.020833 0.022222
0 22 0.620573 0.559259 0.024479 0.018519
0 23 0.504948 0.480093 0.020313 0.017593
0 24 0.185677 0.565278 0.017188 0.019444
0 25 0.978125 0.709259 0.039583 0.027778
0 29 0.566667 0.475000 0.018750 0.016667
