0 1 0.146354 0.661111 0.023958 0.042593
0 2 0.375521 0.562963 0.019792 0.024074
0 3 0.422917 0.581481 0.022917 0.025926
0 4 0.575781 0.653241 0.027604 0.025000
0 5 0.705990 0.734722 0.022396 0.026852
0 7 0.786198 0.657870 0.045312 0.043519
0 8 0.632552 0.600000 0.020313 0.018519
0 9 0.504948 0.555556 0.029687 0.025926
0 10 0.826823 0.630093 0.099479 0.073148
0 11 0.713281 0.548148 0.045312 0.031481
0 12 0.403125 0.442593 0.029167 0.031481
0 13 0.343490 0.414352 0.042188 0.032407
0 14 0.320573 0.398148 0.027604 0.024074
0 15 0.191406 0.363889 0.016146 0.014815
0 16 0.218229 0.362500 0.022917 0.025000
0 17 0.240365 0.373148 0.025521 0.020370
0 18 0.289844 0.384722 0.024479 0.019444
0 19 0.268229 0.374074 0.020833 0.020370
0 20 0.217188 0.431019 0.015625 0.019444
0 21 0.428125 0.512037 0.018750 0.020370
0 22 0.669531 0.578704 0.024479 0.018519
0 23 0.525521 0.485648 0.015625 0.013889
0 24 0.109635 0.600463 0.022396 0.025000
0 26 0.778646 0.584259 0.034375 0.016667
0 28 0.153125 0.747685 0.072917 0.076852
