0 0.710938 0.765278 0.025000 0.025000
0 0.618490 0.789352 0.023438 0.025000
0 0.530729 0.752315 0.023958 0.028704
0 0.413802 0.665741 0.018229 0.022222
0 0.691146 0.782407 0.045833 0.035185
0 0.658854 0.724537 0.030208 0.021296
0 0.083333 0.450926 0.019792 0.031481
0 0.295052 0.536574 0.015104 0.015741
0 0.402083 0.570833 0.022917 0.021296
0 0.083333 0.409722 0.011458 0.019444
0 0.144271 0.419444 0.012500 0.014815
0 0.200260 0.456481 0.009896 0.012963
0 0.389062 0.522685 0.008333 0.010185
0 0.802604 0.674537 0.066667 0.047222
0 0.345313 0.467593 0.038542 0.042593
0 0.269271 0.426389 0.046875 0.032407
0 0.853125 0.772222 0.043750 0.048148
0 0.919010 0.773148 0.036979 0.031481
0 0.976042 0.754167 0.028125 0.019444
0 0.594531 0.627315 0.025521 0.026852
0 0.098958 0.348148 0.030208 0.033333
0 0.128906 0.349537 0.030729 0.026852
0 0.213802 0.373611 0.026562 0.025000
0 0.244271 0.400463 0.028125 0.028704
