0 0.789844 0.791204 0.027604 0.026852
0 0.669792 0.816667 0.028125 0.029630
0 0.589323 0.791204 0.025521 0.030556
0 0.488802 0.707407 0.021354 0.025926
0 0.666406 0.750463 0.040104 0.030556
0 0.711979 0.726389 0.033333 0.023148
0 0.122656 0.481481 0.021354 0.035185
0 0.338281 0.552778 0.018229 0.018519
0 0.454948 0.587037 0.025521 0.024074
0 0.115365 0.428704 0.010937 0.018519
0 0.177865 0.437500 0.013021 0.015741
0 0.232292 0.468056 0.010417 0.013889
0 0.003385 0.361111 0.017188 0.022222
0 0.372135 0.505093 0.008854 0.010185
0 0.953906 0.822222 0.090104 0.077778
0 0.785677 0.656481 0.060937 0.042593
0 0.354948 0.468519 0.036979 0.040741
0 0.281250 0.429630 0.044792 0.031481
0 0.903385 0.733796 0.030729 0.034259
0 0.943229 0.732407 0.028125 0.024074
0 0.972396 0.716204 0.026042 0.017593
0 0.604167 0.615278 0.013542 0.013889
0 0.111198 0.355556 0.028646 0.031481
0 0.142969 0.356481 0.029687 0.025926
0 0.226302 0.379630 0.025521 0.024074
0 0.256510 0.404630 0.027604 0.027778
