0 1 0.144271 0.672222 0.023958 0.042593
0 2 0.366146 0.558333 0.019792 0.024074
0 3 0.406250 0.581019 0.023958 0.026852
0 4 0.568229 0.649537 0.025000 0.023148
0 5 0.703385 0.729630 0.021354 0.025926
0 7 0.795573 0.667130 0.045312 0.043519
0 8 0.624219 0.599074 0.020313 0.018519
0 9 0.495312 0.552315 0.027083 0.023148
0 10 0.832812 0.634259 0.101042 0.074074
0 11 0.716406 0.551389 0.045312 0.032407
0 12 0.403906 0.443519 0.029687 0.031481
0 13 0.343490 0.415278 0.042188 0.032407
0 14 0.320833 0.398148 0.028125 0.024074
0 15 0.191406 0.363889 0.016146 0.014815
0 16 0.218490 0.362500 0.023438 0.025000
0 17 0.240365 0.373611 0.025521 0.021296
0 18 0.289844 0.384722 0.024479 0.019444
0 19 0.268229 0.374074 0.020833 0.020370
0 20 0.213021 0.430093 0.015625 0.019444
0 21 0.423438 0.511111 0.018750 0.020370
0 22 0.675260 0.581944 0.025521 0.019444
0 23 0.527083 0.486574 0.016667 0.013889
0 24 0.081250 0.607407 0.021875 0.024074
0 26 0.771094 0.588426 0.035937 0.017593
0 28 0.180729 0.738889 0.080208 0.085185
