0 0.515885 0.380556 0.021354 0.020370
0 0.487240 0.381944 0.018229 0.017593
0 0.458333 0.387037 0.020833 0.016667
0 0.360677 0.404167 0.029687 0.015741
0 0.212760 0.426389 0.045312 0.025000
0 0.158333 0.430556 0.050000 0.022222
0 0.032031 0.453704 0.055729 0.029630
0 0.621615 0.372222 0.021354 0.022222
0 0.620313 0.429167 0.021875 0.030556
0 0.644792 0.414352 0.022917 0.025000
0 0.678646 0.395833 0.037500 0.025000
0 0.608073 0.405556 0.044271 0.035185
0 0.515885 0.572685 0.042188 0.091667
0 0.679688 0.709259 0.115625 0.172222
