0 1 0.139844 0.681944 0.026562 0.047222
0 2 0.358333 0.552778 0.017708 0.022222
0 3 0.381771 0.578241 0.025000 0.028704
0 4 0.559896 0.645833 0.025000 0.023148
0 5 0.698698 0.725000 0.021354 0.025926
0 7 0.813021 0.675000 0.050000 0.048148
0 8 0.614844 0.597222 0.020313 0.018519
0 9 0.477865 0.545833 0.024479 0.021296
0 10 0.839063 0.639815 0.103125 0.075926
0 11 0.720573 0.554167 0.046354 0.032407
0 12 0.403906 0.444444 0.029687 0.031481
0 13 0.343750 0.416204 0.042708 0.032407
0 14 0.320833 0.399074 0.028125 0.024074
0 15 0.191146 0.364352 0.016667 0.015741
0 16 0.217969 0.362500 0.023438 0.025000
0 17 0.240365 0.374537 0.025521 0.021296
0 18 0.289844 0.385648 0.024479 0.019444
0 19 0.268229 0.375000 0.020833 0.020370
0 20 0.208333 0.428241 0.015625 0.019444
0 21 0.418229 0.509722 0.019792 0.021296
0 22 0.682552 0.584722 0.023438 0.017593
0 23 0.529427 0.488889 0.017188 0.014815
0 24 0.044010 0.615741 0.021354 0.024074
0 26 0.765365 0.596296 0.038021 0.018519
0 28 0.210677 0.725926 0.076563 0.081481
