0 0.514844 0.380093 0.020313 0.019444
0 0.486719 0.381019 0.018229 0.017593
0 0.457813 0.387037 0.020833 0.016667
0 0.361198 0.404167 0.029687 0.015741
0 0.213281 0.426389 0.043229 0.023148
0 0.158854 0.429630 0.050000 0.022222
0 0.033594 0.453704 0.055729 0.029630
0 0.620573 0.373148 0.021354 0.022222
0 0.620313 0.429167 0.021875 0.030556
0 0.644792 0.415278 0.022917 0.025000
0 0.678125 0.395833 0.037500 0.025000
0 0.606510 0.406481 0.044271 0.035185
0 0.515885 0.571759 0.042188 0.091667
0 0.678906 0.706944 0.114062 0.169444
