0 1 0.146875 0.664815 0.023958 0.042593
0 2 0.373437 0.561111 0.019792 0.024074
0 3 0.417708 0.580093 0.023958 0.026852
0 4 0.574740 0.651389 0.027604 0.025000
0 5 0.705990 0.733333 0.021354 0.025926
0 7 0.789323 0.659722 0.043229 0.041667
0 8 0.631510 0.600000 0.020313 0.018519
0 9 0.503646 0.556481 0.028125 0.024074
0 10 0.827865 0.631019 0.099479 0.073148
0 11 0.713802 0.549074 0.045312 0.031481
0 12 0.403125 0.442593 0.029167 0.031481
0 13 0.343490 0.414352 0.042188 0.032407
0 14 0.320833 0.398148 0.028125 0.024074
0 15 0.190885 0.364352 0.015104 0.013889
0 16 0.218490 0.362500 0.023438 0.025000
0 17 0.240365 0.373148 0.025521 0.020370
0 18 0.289844 0.384722 0.024479 0.019444
0 19 0.268229 0.374074 0.020833 0.020370
0 20 0.216146 0.431019 0.015625 0.019444
0 21 0.427344 0.512500 0.018229 0.019444
0 22 0.670573 0.578241 0.025521 0.019444
0 23 0.525781 0.485648 0.016146 0.013889
0 24 0.103646 0.602315 0.020833 0.023148
0 26 0.775000 0.585185 0.034375 0.016667
0 28 0.155469 0.746296 0.076563 0.081481
