0 0.751823 0.777778 0.028646 0.027778
0 0.641146 0.800926 0.026042 0.027778
0 0.561719 0.773611 0.025521 0.030556
0 0.452865 0.688889 0.021354 0.025926
0 0.674219 0.762500 0.042188 0.032407
0 0.686979 0.725926 0.031250 0.022222
0 0.102604 0.468519 0.020833 0.033333
0 0.316667 0.545833 0.017708 0.017593
0 0.429688 0.580093 0.025000 0.023148
0 0.098437 0.420833 0.011458 0.019444
0 0.160417 0.431019 0.012500 0.015741
0 0.215885 0.463426 0.009896 0.013889
0 0.376563 0.512500 0.008333 0.010185
0 0.971094 0.838889 0.085938 0.074074
0 0.790625 0.662963 0.063542 0.044444
0 0.347917 0.468056 0.037500 0.041667
0 0.273438 0.428704 0.045833 0.031481
0 0.884115 0.750000 0.035937 0.038889
0 0.932813 0.747685 0.031250 0.026852
0 0.971875 0.730093 0.026042 0.017593
0 0.599479 0.620370 0.022917 0.024074
0 0.102865 0.353241 0.029687 0.032407
0 0.134115 0.353704 0.029687 0.025926
0 0.218229 0.377315 0.026042 0.025000
0 0.248177 0.402778 0.027604 0.027778
