0 1 0.131510 0.703241 0.027604 0.049074
0 2 0.340104 0.541667 0.017708 0.022222
0 3 0.335417 0.585648 0.023958 0.026852
0 4 0.546615 0.642130 0.021354 0.019444
0 5 0.691927 0.716204 0.017188 0.021296
0 7 0.838021 0.696759 0.063542 0.062037
0 8 0.597135 0.594444 0.020313 0.018519
0 9 0.457031 0.539352 0.024479 0.021296
0 10 0.851042 0.651389 0.107292 0.078704
0 11 0.727344 0.561111 0.047396 0.033333
0 12 0.404427 0.448148 0.029687 0.031481
0 13 0.344010 0.419444 0.043229 0.033333
0 14 0.320833 0.402315 0.028125 0.025000
0 15 0.190885 0.366204 0.017188 0.015741
0 16 0.217708 0.365741 0.023958 0.025926
0 17 0.240104 0.376389 0.026042 0.021296
0 18 0.290104 0.387500 0.025000 0.019444
0 19 0.267708 0.378241 0.020833 0.021296
0 20 0.198698 0.423148 0.016146 0.020370
0 21 0.410156 0.509259 0.016146 0.016667
0 23 0.532552 0.493056 0.016146 0.013889
0 26 0.751302 0.610185 0.038021 0.018519
0 27 0.699219 0.596296 0.026562 0.022222
0 28 0.245052 0.713889 0.063021 0.066667
