0 0.513281 0.380093 0.020313 0.019444
0 0.483073 0.381019 0.016146 0.015741
0 0.455729 0.385185 0.020833 0.016667
0 0.361198 0.402315 0.029687 0.015741
0 0.216927 0.422685 0.043229 0.023148
0 0.164062 0.426852 0.050000 0.022222
0 0.040625 0.451389 0.064583 0.034259
0 0.616927 0.372222 0.021354 0.022222
0 0.613542 0.428241 0.020833 0.028704
0 0.638542 0.413426 0.022917 0.025000
0 0.670052 0.395370 0.035937 0.024074
0 0.601823 0.404630 0.046354 0.037037
0 0.515885 0.562963 0.040104 0.087037
0 0.671615 0.686111 0.104688 0.155556
