0 1 0.148958 0.648148 0.023958 0.042593
0 2 0.384896 0.569444 0.020833 0.025926
0 3 0.440625 0.580093 0.023958 0.026852
0 4 0.585156 0.655093 0.028646 0.026852
0 5 0.710156 0.741204 0.022396 0.026852
0 7 0.777344 0.647685 0.039062 0.037963
0 8 0.639323 0.598148 0.022396 0.020370
0 9 0.519792 0.560648 0.027083 0.023148
0 10 0.819271 0.623611 0.096875 0.071296
0 11 0.708073 0.544444 0.044271 0.031481
0 12 0.401562 0.440741 0.029167 0.031481
0 13 0.342187 0.413426 0.041667 0.032407
0 14 0.319531 0.397222 0.027604 0.024074
0 15 0.190885 0.363889 0.016146 0.014815
0 16 0.217188 0.361574 0.022917 0.025000
0 17 0.239583 0.372222 0.025000 0.020370
0 18 0.288542 0.383333 0.026042 0.020370
0 19 0.267188 0.373148 0.020833 0.020370
0 20 0.222135 0.433796 0.017188 0.021296
0 21 0.431771 0.512500 0.021875 0.023148
0 22 0.653385 0.570370 0.024479 0.018519
0 23 0.522917 0.483796 0.015625 0.013889
0 24 0.131771 0.588426 0.017708 0.019444
0 25 1.003646 0.740278 0.040625 0.028704
0 28 0.105729 0.763889 0.080208 0.085185
0 29 0.585677 0.479630 0.019271 0.016667
