0 1 0.127083 0.714815 0.029167 0.051852
0 2 0.334896 0.539815 0.017708 0.022222
0 3 0.314323 0.589815 0.026562 0.029630
0 4 0.541406 0.639352 0.021354 0.019444
0 5 0.688542 0.712963 0.016667 0.020370
0 7 0.846354 0.705093 0.063542 0.062037
0 8 0.589323 0.594444 0.020313 0.018519
0 9 0.447656 0.537500 0.024479 0.021296
0 10 0.854948 0.655556 0.108854 0.079630
0 11 0.729167 0.563889 0.047917 0.033333
0 12 0.404167 0.449537 0.030208 0.032407
0 13 0.343490 0.420370 0.043229 0.033333
0 14 0.320312 0.403241 0.028125 0.025000
0 15 0.189844 0.367130 0.017188 0.015741
0 16 0.216667 0.365741 0.023958 0.025926
0 17 0.239323 0.376852 0.025521 0.020370
0 18 0.289323 0.388889 0.025521 0.020370
0 19 0.267188 0.378241 0.020833 0.021296
0 20 0.194271 0.422685 0.015625 0.019444
0 21 0.405729 0.509259 0.015625 0.016667
0 23 0.534115 0.494907 0.016146 0.013889
0 26 0.744010 0.614815 0.038021 0.018519
0 27 0.703125 0.600926 0.029167 0.024074
0 28 0.258073 0.701852 0.054688 0.057407
