0 0.801823 0.795370 0.026562 0.025926
0 0.679688 0.821296 0.028125 0.029630
0 0.597917 0.796759 0.026042 0.030556
0 0.500521 0.713426 0.021875 0.026852
0 0.665365 0.747222 0.039062 0.029630
0 0.720052 0.726852 0.033854 0.024074
0 0.129688 0.485185 0.021875 0.035185
0 0.345313 0.555093 0.018750 0.019444
0 0.463281 0.589815 0.025521 0.024074
0 0.121094 0.430556 0.010937 0.018519
0 0.183854 0.440741 0.013542 0.016667
0 0.237760 0.469444 0.010937 0.014815
0 0.009375 0.362500 0.016667 0.021296
0 0.371615 0.503241 0.008854 0.010185
0 0.951562 0.816667 0.094792 0.081481
0 0.785417 0.654630 0.060417 0.042593
0 0.357292 0.468519 0.036458 0.040741
0 0.284115 0.430093 0.044271 0.030556
0 0.909115 0.729167 0.029687 0.032407
0 0.945833 0.728241 0.027083 0.023148
0 0.973177 0.712963 0.026562 0.018519
0 0.606250 0.614815 0.012500 0.012963
0 0.114323 0.356481 0.028646 0.031481
0 0.146094 0.357407 0.029687 0.025926
0 0.229167 0.380556 0.025000 0.024074
0 0.258854 0.405556 0.027083 0.027778
