0 0.503906 0.379167 0.020313 0.019444
0 0.473177 0.379167 0.016146 0.015741
0 0.447396 0.384259 0.020833 0.016667
0 0.354687 0.400000 0.028125 0.014815
0 0.218490 0.418981 0.039062 0.021296
0 0.166927 0.422222 0.045312 0.020370
0 0.047917 0.447685 0.064583 0.034259
0 0.602344 0.371759 0.020313 0.021296
0 0.595833 0.425463 0.020833 0.028704
0 0.619271 0.411111 0.021875 0.024074
0 0.653125 0.393056 0.037500 0.025000
0 0.583594 0.402778 0.044271 0.035185
0 0.508333 0.547222 0.036458 0.079630
0 0.652865 0.650463 0.090104 0.134259
