0 1 0.138802 0.683796 0.026562 0.047222
0 2 0.355729 0.551852 0.017708 0.022222
0 3 0.375521 0.579167 0.025000 0.028704
0 4 0.557813 0.643981 0.025000 0.023148
0 5 0.698177 0.723148 0.021354 0.025926
0 7 0.818750 0.681481 0.055208 0.053704
0 8 0.612760 0.597222 0.020313 0.018519
0 9 0.476302 0.545833 0.024479 0.021296
0 10 0.840365 0.640741 0.103646 0.075926
0 11 0.721094 0.554167 0.046354 0.032407
0 12 0.403906 0.444444 0.029687 0.031481
0 13 0.343750 0.416204 0.042708 0.032407
0 14 0.320833 0.399074 0.028125 0.024074
0 15 0.191146 0.365278 0.016667 0.015741
0 16 0.217969 0.363889 0.023438 0.025926
0 17 0.240365 0.374537 0.025521 0.021296
0 18 0.290104 0.385648 0.025000 0.019444
0 19 0.268229 0.375463 0.020833 0.021296
0 20 0.206510 0.427778 0.016146 0.020370
0 21 0.416927 0.509259 0.019271 0.020370
0 22 0.684115 0.586574 0.023438 0.017593
0 23 0.529687 0.488889 0.016667 0.014815
0 24 0.038021 0.616667 0.021875 0.024074
0 26 0.763802 0.597685 0.035937 0.017593
0 28 0.215625 0.725463 0.072917 0.076852
