0 1 0.139063 0.624074 0.023958 0.042593
0 2 0.398958 0.584259 0.022917 0.027778
0 3 0.458333 0.581481 0.019792 0.022222
0 4 0.601302 0.656019 0.031771 0.028704
0 5 0.714323 0.755556 0.024479 0.029630
0 6 0.967448 0.757870 0.082812 0.041667
0 7 0.732552 0.617130 0.039062 0.037963
0 8 0.654167 0.600926 0.026042 0.024074
0 9 0.538802 0.565741 0.032813 0.027778
0 10 0.793229 0.609722 0.091667 0.067593
0 11 0.688542 0.536111 0.042708 0.029630
0 12 0.389323 0.438426 0.028646 0.030556
0 13 0.329948 0.412037 0.041146 0.031481
0 14 0.307552 0.396296 0.027604 0.024074
0 15 0.179167 0.364815 0.017708 0.016667
0 16 0.205208 0.362500 0.022917 0.025000
0 17 0.227083 0.373148 0.025000 0.020370
0 18 0.276302 0.383796 0.024479 0.019444
0 19 0.254948 0.374074 0.020313 0.020370
0 20 0.223438 0.441667 0.017708 0.022222
0 21 0.431771 0.515741 0.020833 0.022222
0 22 0.626302 0.559722 0.023438 0.017593
0 23 0.507552 0.481019 0.020313 0.017593
0 24 0.179688 0.568519 0.017708 0.020370
0 25 0.981771 0.712963 0.039583 0.027778
0 29 0.570312 0.475000 0.018750 0.016667
