0 0.504948 0.381481 0.019271 0.018519
0 0.475260 0.378704 0.017188 0.016667
0 0.448958 0.383796 0.019792 0.015741
0 0.360417 0.398148 0.028125 0.014815
0 0.226302 0.417130 0.039062 0.021296
0 0.174219 0.419907 0.047396 0.021296
0 0.061458 0.444907 0.061458 0.032407
0 0.602865 0.369444 0.021354 0.022222
0 0.594792 0.423611 0.020833 0.028704
0 0.617708 0.410185 0.021875 0.024074
0 0.655990 0.390741 0.035937 0.024074
0 0.583073 0.402778 0.044271 0.035185
0 0.511979 0.541204 0.035417 0.076852
0 0.652344 0.637500 0.084896 0.126852
