0 0.656250 0.741204 0.019792 0.019444
0 0.590625 0.770833 0.019792 0.021296
0 0.480469 0.714352 0.021354 0.025000
0 0.351562 0.623611 0.014583 0.017593
0 0.720313 0.822685 0.048958 0.037963
0 0.607031 0.714352 0.025521 0.017593
0 0.056250 0.418981 0.017708 0.028704
0 0.259115 0.516204 0.014063 0.013889
0 0.357552 0.550000 0.020313 0.018519
0 0.062240 0.387037 0.010937 0.018519
0 0.122917 0.397685 0.011458 0.013889
0 0.178385 0.441204 0.008854 0.012037
0 0.419792 0.543519 0.009375 0.011111
0 0.833854 0.699074 0.073958 0.051852
0 0.344531 0.466667 0.040104 0.044444
0 0.266406 0.421296 0.048438 0.033333
0 0.776042 0.797685 0.046875 0.050926
0 0.865625 0.814352 0.046875 0.039815
0 0.972396 0.813426 0.036458 0.025000
0 0.572656 0.628704 0.019271 0.020370
0 0.098958 0.337963 0.033333 0.037037
0 0.125521 0.339352 0.032292 0.028704
0 0.211458 0.364815 0.027083 0.025926
0 0.241667 0.392593 0.029167 0.029630
