0 0.903125 0.825463 0.027083 0.026852
0 0.782552 0.872222 0.034896 0.037037
0 0.686198 0.847685 0.031771 0.037963
0 0.605208 0.772685 0.030208 0.036111
0 0.659896 0.725926 0.040625 0.031481
0 0.787760 0.718056 0.034896 0.025000
0 0.192448 0.523611 0.023438 0.037963
0 0.405208 0.574537 0.018750 0.019444
0 0.537760 0.608796 0.028646 0.026852
0 0.176302 0.452778 0.011979 0.020370
0 0.243490 0.462037 0.015104 0.018519
0 0.287500 0.482407 0.012500 0.016667
0 0.065885 0.378704 0.017188 0.022222
0 0.368490 0.488889 0.009896 0.011111
0 0.954427 0.785648 0.115104 0.099074
0 0.782552 0.638426 0.056771 0.039815
0 0.381510 0.468519 0.034896 0.038889
0 0.310937 0.432407 0.042708 0.029630
0 0.633854 0.532407 0.018750 0.009259
0 0.944792 0.689352 0.032292 0.023148
0 0.617969 0.602315 0.015104 0.015741
0 0.144792 0.363426 0.026042 0.028704
0 0.176563 0.364352 0.029167 0.025000
0 0.256510 0.386574 0.024479 0.023148
0 0.286198 0.410648 0.026562 0.026852
