0 1 0.145313 0.669444 0.023958 0.042593
0 2 0.369792 0.559259 0.019792 0.024074
0 3 0.411979 0.580093 0.023958 0.026852
0 4 0.570833 0.650463 0.025000 0.023148
0 5 0.704948 0.731481 0.020313 0.024074
0 7 0.794010 0.663889 0.047396 0.046296
0 8 0.628385 0.600000 0.020313 0.018519
0 9 0.498958 0.553241 0.027083 0.023148
0 10 0.830208 0.633333 0.100000 0.074074
0 11 0.715365 0.550000 0.045312 0.031481
0 12 0.403646 0.443519 0.029167 0.031481
0 13 0.343490 0.414352 0.042188 0.032407
0 14 0.320833 0.398148 0.028125 0.024074
0 15 0.191667 0.363889 0.016667 0.014815
0 16 0.218229 0.362500 0.022917 0.025000
0 17 0.240365 0.373148 0.025521 0.020370
0 18 0.290104 0.384722 0.025000 0.019444
0 19 0.268229 0.374074 0.020833 0.020370
0 20 0.214583 0.430093 0.015625 0.019444
0 21 0.425260 0.511574 0.018229 0.019444
0 22 0.673698 0.581019 0.025521 0.019444
0 23 0.526302 0.486574 0.016146 0.013889
0 24 0.092969 0.605556 0.021354 0.024074
0 26 0.775521 0.586574 0.039583 0.019444
0 28 0.163542 0.744444 0.080208 0.085185
