0 0.516927 0.380556 0.021354 0.020370
0 0.487760 0.382407 0.017188 0.016667
0 0.457292 0.387037 0.020833 0.016667
0 0.358333 0.404630 0.031250 0.016667
0 0.206510 0.427315 0.045312 0.025000
0 0.150781 0.433796 0.052604 0.023148
0 0.015365 0.456944 0.050521 0.026852
0 0.624219 0.373148 0.021354 0.022222
0 0.624479 0.431481 0.023958 0.033333
0 0.649479 0.416204 0.022917 0.025000
0 0.683333 0.396759 0.037500 0.025000
0 0.614323 0.405556 0.046354 0.037037
0 0.515365 0.580556 0.044271 0.096296
0 0.685677 0.729630 0.124479 0.185185
