0 1 0.148438 0.646296 0.023958 0.042593
0 2 0.386979 0.570833 0.021875 0.026852
0 3 0.445833 0.579167 0.023958 0.026852
0 4 0.588021 0.655556 0.030208 0.027778
0 5 0.711198 0.743981 0.022396 0.026852
0 6 1.001823 0.775463 0.071354 0.036111
0 7 0.769531 0.642130 0.041146 0.039815
0 8 0.642708 0.599537 0.025000 0.023148
0 9 0.523177 0.561111 0.025521 0.022222
0 10 0.816667 0.621296 0.095833 0.070370
0 11 0.706510 0.543056 0.044271 0.030556
0 12 0.400521 0.440741 0.029167 0.031481
0 13 0.341146 0.413426 0.041667 0.032407
0 14 0.318490 0.396296 0.027604 0.024074
0 15 0.190365 0.362963 0.016146 0.014815
0 16 0.216667 0.361574 0.022917 0.025000
0 17 0.238542 0.372222 0.025000 0.020370
0 18 0.287760 0.383796 0.024479 0.019444
0 19 0.265885 0.373148 0.020313 0.020370
0 20 0.223177 0.435185 0.016146 0.020370
0 21 0.432552 0.512500 0.021354 0.023148
0 22 0.649740 0.569444 0.024479 0.018519
0 23 0.521354 0.482407 0.015625 0.012963
0 24 0.139583 0.585648 0.018750 0.021296
0 25 1.000000 0.735185 0.039583 0.027778
0 28 0.096094 0.766667 0.076563 0.081481
0 29 0.584115 0.479167 0.019271 0.017593
