0 0.517969 0.381019 0.020313 0.019444
0 0.486719 0.381481 0.017188 0.016667
0 0.457813 0.387037 0.020833 0.016667
0 0.359635 0.405093 0.029687 0.015741
0 0.207552 0.427315 0.043229 0.023148
0 0.152865 0.431944 0.052604 0.023148
0 0.016146 0.455556 0.053125 0.027778
0 0.623698 0.373148 0.021354 0.022222
0 0.623958 0.430556 0.022917 0.031481
0 0.648958 0.416204 0.022917 0.025000
0 0.683333 0.396759 0.039583 0.026852
0 0.613802 0.404630 0.046354 0.037037
0 0.515625 0.579167 0.043750 0.095370
0 0.684635 0.726389 0.122396 0.182407
