0 1 0.146354 0.636111 0.023958 0.042593
0 2 0.393229 0.575000 0.022917 0.027778
0 3 0.453125 0.580093 0.020833 0.023148
0 4 0.594271 0.654167 0.033333 0.030556
0 5 0.712240 0.748611 0.022396 0.026852
0 6 0.991927 0.768056 0.078646 0.039815
0 7 0.754948 0.629167 0.041146 0.039815
0 8 0.648177 0.600926 0.023438 0.022222
0 9 0.531771 0.562500 0.027083 0.023148
0 10 0.808073 0.616204 0.094271 0.069444
0 11 0.700000 0.540278 0.043750 0.030556
0 12 0.396875 0.439352 0.029167 0.030556
0 13 0.337500 0.412037 0.041667 0.031481
0 14 0.314844 0.396296 0.027604 0.024074
0 15 0.186719 0.363426 0.017188 0.015741
0 16 0.212500 0.361574 0.022917 0.025000
0 17 0.234896 0.372222 0.025000 0.020370
0 18 0.284115 0.382870 0.024479 0.019444
0 19 0.262240 0.373148 0.020313 0.020370
0 20 0.223438 0.437037 0.017708 0.022222
0 21 0.433333 0.513889 0.020833 0.022222
0 22 0.637240 0.563889 0.024479 0.018519
0 23 0.516667 0.481481 0.016667 0.014815
0 24 0.158854 0.577778 0.018750 0.020370
0 25 0.992188 0.726389 0.038542 0.026852
0 28 0.058594 0.779630 0.076563 0.081481
0 29 0.579427 0.476852 0.019271 0.016667
