0 0.518490 0.381481 0.021354 0.020370
0 0.488802 0.382407 0.017188 0.016667
0 0.458854 0.387037 0.020833 0.016667
0 0.358594 0.406019 0.029687 0.015741
0 0.203385 0.429167 0.045312 0.025000
0 0.146094 0.434722 0.052604 0.023148
0 0.008854 0.458333 0.045833 0.024074
0 0.625781 0.373611 0.022396 0.023148
0 0.627604 0.433333 0.023958 0.033333
0 0.653646 0.417130 0.023958 0.026852
0 0.688021 0.396759 0.037500 0.025000
0 0.616406 0.405556 0.046354 0.037037
0 0.515104 0.585648 0.045833 0.099074
0 0.690104 0.743981 0.131250 0.195370
