0 1 0.147917 0.642593 0.023958 0.042593
0 2 0.389583 0.572222 0.022917 0.027778
0 3 0.448958 0.577778 0.021875 0.024074
0 4 0.590625 0.654630 0.030208 0.027778
0 5 0.711198 0.744907 0.022396 0.026852
0 6 0.996615 0.772685 0.071354 0.036111
0 7 0.764323 0.637500 0.041146 0.039815
0 8 0.645573 0.600000 0.023438 0.022222
0 9 0.527865 0.561111 0.025521 0.022222
0 10 0.813281 0.619444 0.095312 0.070370
0 11 0.703646 0.541204 0.043750 0.030556
0 12 0.399479 0.439352 0.029167 0.030556
0 13 0.340104 0.412037 0.041667 0.031481
0 14 0.317448 0.396296 0.027604 0.024074
0 15 0.189323 0.363426 0.017188 0.015741
0 16 0.215104 0.361574 0.022917 0.025000
0 17 0.237500 0.372222 0.025000 0.020370
0 18 0.286719 0.382870 0.024479 0.019444
0 19 0.264844 0.373148 0.020313 0.020370
0 20 0.223177 0.435185 0.016146 0.020370
0 21 0.433594 0.512963 0.021354 0.022222
0 22 0.644010 0.566667 0.024479 0.018519
0 23 0.520052 0.482407 0.017188 0.014815
0 24 0.148177 0.581944 0.019271 0.021296
0 25 0.995833 0.731019 0.038542 0.026852
0 28 0.081771 0.771296 0.080208 0.085185
0 29 0.582552 0.478241 0.019271 0.017593
