0 0.666927 0.746759 0.020313 0.019444
0 0.597135 0.775463 0.020313 0.021296
0 0.491146 0.723148 0.021875 0.025926
0 0.365365 0.631481 0.014063 0.016667
0 0.715625 0.814352 0.048958 0.037963
0 0.619271 0.717593 0.026042 0.018519
0 0.062760 0.425926 0.018229 0.029630
0 0.266927 0.521296 0.014063 0.014815
0 0.367188 0.554167 0.020833 0.019444
0 0.067187 0.392130 0.011458 0.019444
0 0.127604 0.402315 0.011458 0.013889
0 0.183594 0.443981 0.008854 0.012037
0 0.413542 0.538426 0.009375 0.010185
0 0.827865 0.693981 0.072396 0.050926
0 0.345313 0.467593 0.039583 0.044444
0 0.267708 0.423148 0.047917 0.033333
0 0.795052 0.795370 0.047396 0.051852
0 0.879948 0.807870 0.045312 0.037963
0 0.976302 0.799537 0.033854 0.023148
0 0.577604 0.629167 0.020833 0.021296
0 0.099219 0.340278 0.032813 0.036111
0 0.127083 0.341667 0.032292 0.027778
0 0.213021 0.366667 0.027083 0.025926
0 0.243229 0.394444 0.029167 0.029630
