0 0.918750 0.827315 0.029167 0.028704
0 0.805469 0.882407 0.038021 0.040741
0 0.703125 0.858796 0.033333 0.039815
0 0.625260 0.786111 0.031771 0.038889
0 0.655469 0.721759 0.040104 0.030556
0 0.795573 0.711574 0.034896 0.025000
0 0.201563 0.532407 0.023958 0.038889
0 0.414062 0.577315 0.018750 0.019444
0 0.550000 0.612037 0.029167 0.027778
0 0.183594 0.457407 0.011979 0.020370
0 0.252604 0.466204 0.015625 0.019444
0 0.293490 0.483796 0.011979 0.015741
0 0.073438 0.381944 0.017708 0.023148
0 0.363802 0.486574 0.009896 0.012037
0 0.948438 0.779630 0.120833 0.103704
0 0.778125 0.634259 0.055208 0.038889
0 0.382552 0.468519 0.034896 0.038889
0 0.311979 0.433333 0.042708 0.029630
0 0.629427 0.531019 0.021354 0.010185
0 0.944010 0.680093 0.029687 0.021296
0 0.147135 0.364815 0.025521 0.027778
0 0.178125 0.365278 0.029167 0.025000
0 0.257812 0.387500 0.023958 0.023148
0 0.287500 0.410648 0.026042 0.026852
