0 0.884375 0.820833 0.027083 0.026852
0 0.759115 0.859259 0.032813 0.035185
0 0.668490 0.835648 0.030729 0.036111
0 0.583854 0.758333 0.029167 0.035185
0 0.663021 0.729630 0.040625 0.031481
0 0.777344 0.721759 0.034896 0.025000
0 0.181510 0.513426 0.022396 0.036111
0 0.395313 0.568981 0.018750 0.019444
0 0.523698 0.603704 0.027604 0.025926
0 0.167448 0.447222 0.011979 0.020370
0 0.233594 0.456481 0.015104 0.018519
0 0.279948 0.478241 0.011979 0.015741
0 0.057292 0.375463 0.017708 0.023148
0 0.371354 0.491667 0.009375 0.011111
0 0.947135 0.793981 0.104688 0.089815
0 0.786458 0.642130 0.057292 0.039815
0 0.379167 0.468519 0.035417 0.038889
0 0.308073 0.431481 0.043229 0.029630
0 0.636979 0.533333 0.018750 0.009259
0 0.943490 0.697222 0.033854 0.024074
0 0.965625 0.701389 0.022917 0.019444
0 0.616146 0.602778 0.014583 0.014815
0 0.141406 0.361574 0.026562 0.028704
0 0.172917 0.362963 0.029167 0.025926
0 0.253906 0.384722 0.024479 0.023148
0 0.283073 0.408796 0.026562 0.026852
