0 0.979167 0.834259 0.034375 0.033333
0 0.911198 0.937963 0.042188 0.044444
0 0.782031 0.912037 0.039062 0.046296
0 0.729427 0.854167 0.039062 0.047222
0 0.661719 0.710648 0.027604 0.021296
0 0.820052 0.685648 0.032813 0.023148
0 0.246094 0.575926 0.028646 0.046296
0 0.455208 0.595833 0.020833 0.021296
0 0.603646 0.628241 0.029167 0.026852
0 0.221354 0.479167 0.012500 0.021296
0 0.297396 0.487037 0.017708 0.022222
0 0.325000 0.495370 0.012500 0.016667
0 0.109635 0.396296 0.017188 0.022222
0 0.353385 0.476389 0.011979 0.013889
0 0.929427 0.754630 0.140104 0.120370
0 0.766146 0.619907 0.052083 0.036111
0 0.391667 0.468519 0.033333 0.037037
0 0.323437 0.435648 0.041667 0.028704
0 0.606771 0.525926 0.021875 0.011111
0 0.162240 0.370370 0.022396 0.024074
0 0.190885 0.370833 0.028646 0.025000
0 0.270052 0.392593 0.023438 0.022222
0 0.299219 0.414815 0.025521 0.025926
