0 0.506510 0.385185 0.019271 0.018519
0 0.478906 0.380556 0.017188 0.016667
0 0.451042 0.385185 0.020833 0.016667
0 0.358073 0.401389 0.029687 0.015741
0 0.215885 0.422222 0.041146 0.022222
0 0.163542 0.425926 0.050000 0.022222
0 0.040104 0.452315 0.064583 0.034259
0 0.610156 0.372222 0.021354 0.022222
0 0.606250 0.426389 0.021875 0.030556
0 0.629687 0.412963 0.021875 0.024074
0 0.661198 0.393519 0.035937 0.024074
0 0.594531 0.403704 0.046354 0.037037
0 0.511979 0.556944 0.038542 0.084259
0 0.663281 0.672222 0.099479 0.148148
