0 0.512240 0.380556 0.021354 0.020370
0 0.482552 0.381481 0.017188 0.016667
0 0.454688 0.386111 0.020833 0.016667
0 0.360938 0.400926 0.031250 0.016667
0 0.217448 0.423148 0.041146 0.022222
0 0.164583 0.425926 0.050000 0.022222
0 0.041146 0.451389 0.064583 0.034259
0 0.614844 0.371296 0.021354 0.022222
0 0.610938 0.428241 0.021875 0.030556
0 0.635417 0.413426 0.022917 0.025000
0 0.667969 0.395370 0.035937 0.024074
0 0.599740 0.403704 0.046354 0.037037
0 0.514583 0.560648 0.039583 0.086111
0 0.669010 0.681019 0.102604 0.152778
