0 0.961719 0.832870 0.032813 0.032407
0 0.879948 0.918519 0.042188 0.044444
0 0.755729 0.893519 0.036458 0.042593
0 0.693490 0.831019 0.035937 0.043519
0 0.657813 0.714352 0.032292 0.025000
0 0.814323 0.693981 0.034896 0.025000
0 0.232292 0.561111 0.027083 0.044444
0 0.442969 0.589352 0.020313 0.021296
0 0.586719 0.623148 0.027604 0.025926
0 0.209375 0.471759 0.012500 0.021296
0 0.283594 0.478704 0.017188 0.020370
0 0.315625 0.491667 0.012500 0.016667
0 0.098958 0.390741 0.018750 0.024074
0 0.357552 0.479167 0.011979 0.013889
0 0.939844 0.762037 0.140104 0.120370
0 0.769792 0.624074 0.053125 0.037037
0 0.389323 0.468056 0.033854 0.037963
0 0.320312 0.434722 0.041667 0.028704
0 0.615104 0.526852 0.022917 0.011111
0 0.158333 0.368056 0.022917 0.025000
0 0.187240 0.368981 0.028646 0.025000
0 0.266667 0.389815 0.023958 0.022222
0 0.295833 0.412963 0.026042 0.025926
