0 1 0.131250 0.706481 0.029167 0.051852
0 2 0.339062 0.542593 0.017708 0.022222
0 3 0.331250 0.586574 0.023958 0.026852
0 4 0.545573 0.639352 0.021354 0.019444
0 5 0.690885 0.715278 0.017188 0.021296
0 7 0.840625 0.699537 0.063542 0.062037
0 8 0.595573 0.594907 0.019271 0.017593
0 9 0.455469 0.540278 0.024479 0.021296
0 10 0.852083 0.652315 0.107292 0.078704
0 11 0.728125 0.562037 0.047917 0.033333
0 12 0.404427 0.448148 0.029687 0.031481
0 13 0.344010 0.419444 0.043229 0.033333
0 14 0.320833 0.401852 0.028125 0.024074
0 15 0.190365 0.367130 0.017188 0.015741
0 16 0.217708 0.365741 0.023958 0.025926
0 17 0.239844 0.377315 0.025521 0.021296
0 18 0.290104 0.388426 0.025000 0.019444
0 19 0.267708 0.378241 0.020833 0.021296
0 20 0.197656 0.423148 0.016146 0.020370
0 21 0.409115 0.509259 0.016146 0.016667
0 23 0.533073 0.493981 0.016146 0.013889
0 26 0.749740 0.612037 0.038021 0.018519
0 27 0.700781 0.599074 0.026562 0.022222
0 28 0.247656 0.711574 0.059896 0.063889
