0 0.778385 0.786574 0.027604 0.026852
0 0.660937 0.811574 0.027083 0.028704
0 0.580990 0.785648 0.025521 0.030556
0 0.477865 0.701852 0.021354 0.025926
0 0.668490 0.754167 0.040104 0.030556
0 0.704167 0.727315 0.032292 0.023148
0 0.116406 0.477315 0.021354 0.034259
0 0.331510 0.550926 0.018229 0.018519
0 0.447396 0.584722 0.025000 0.023148
0 0.110156 0.425926 0.010937 0.018519
0 0.172135 0.435648 0.013021 0.015741
0 0.227083 0.466204 0.010417 0.013889
0 0.373177 0.507870 0.008854 0.010185
0 0.955990 0.825926 0.085938 0.074074
0 0.786719 0.657870 0.061979 0.043519
0 0.352344 0.468981 0.036979 0.041667
0 0.278646 0.429630 0.044792 0.031481
0 0.897917 0.738426 0.033333 0.036111
0 0.940104 0.736574 0.029167 0.025000
0 0.972135 0.720370 0.026562 0.018519
0 0.602604 0.616667 0.015625 0.016667
0 0.108333 0.354630 0.029167 0.031481
0 0.139583 0.356019 0.030208 0.026852
0 0.223698 0.378704 0.025521 0.024074
0 0.253906 0.404630 0.027604 0.027778
