0 1 0.147917 0.654630 0.023958 0.042593
0 2 0.380208 0.565741 0.019792 0.024074
0 3 0.429688 0.579167 0.023958 0.026852
0 4 0.580990 0.654167 0.027604 0.025000
0 5 0.708594 0.737500 0.022396 0.026852
0 7 0.774740 0.650463 0.041146 0.039815
0 8 0.636719 0.600463 0.021354 0.019444
0 9 0.512500 0.558333 0.028125 0.024074
0 10 0.823438 0.626852 0.097917 0.072222
0 11 0.710938 0.546296 0.044792 0.031481
0 12 0.402604 0.441667 0.029167 0.031481
0 13 0.342969 0.414352 0.042188 0.032407
0 14 0.320052 0.397222 0.027604 0.024074
0 15 0.191146 0.363426 0.015625 0.013889
0 16 0.217969 0.361574 0.023438 0.025000
0 17 0.240365 0.373148 0.025521 0.020370
0 18 0.289323 0.384259 0.025521 0.020370
0 19 0.267708 0.374074 0.020833 0.020370
0 20 0.219531 0.432870 0.017188 0.021296
0 21 0.430208 0.512500 0.019792 0.021296
0 22 0.659115 0.574074 0.024479 0.018519
0 23 0.523958 0.484259 0.014583 0.012963
0 24 0.120313 0.594444 0.016667 0.018519
0 25 1.005469 0.745370 0.033854 0.024074
0 28 0.126823 0.756481 0.076563 0.081481
0 29 0.587760 0.481019 0.019271 0.017593
