0 0.949219 0.831019 0.032813 0.032407
0 0.859115 0.906481 0.042188 0.044444
0 0.739844 0.882870 0.034896 0.041667
0 0.672135 0.816204 0.035937 0.043519
0 0.654948 0.716204 0.034896 0.026852
0 0.810417 0.699074 0.032292 0.022222
0 0.223177 0.552315 0.026562 0.043519
0 0.433854 0.586111 0.019792 0.020370
0 0.576302 0.620370 0.029687 0.027778
0 0.201302 0.467593 0.011979 0.020370
0 0.274219 0.474537 0.017188 0.021296
0 0.308594 0.488889 0.011979 0.016667
0 0.091146 0.387963 0.018750 0.024074
0 0.358854 0.481019 0.011458 0.013889
0 0.942187 0.767593 0.133333 0.114815
0 0.772135 0.625926 0.053646 0.037037
0 0.386979 0.468056 0.034375 0.037963
0 0.317969 0.434259 0.042188 0.029630
0 0.619792 0.527778 0.022917 0.011111
0 0.944271 0.666204 0.025000 0.017593
0 0.155469 0.367593 0.021354 0.024074
0 0.184115 0.368056 0.028646 0.025000
0 0.264062 0.388889 0.023958 0.022222
0 0.292969 0.412037 0.025521 0.025926
