0 0.674219 0.750463 0.021354 0.021296
0 0.601042 0.777315 0.021875 0.023148
0 0.498958 0.729630 0.021875 0.025926
0 0.375781 0.638889 0.014063 0.016667
0 0.711198 0.807407 0.048438 0.037037
0 0.627865 0.720370 0.025521 0.018519
0 0.066927 0.430556 0.018229 0.029630
0 0.273177 0.524074 0.014063 0.014815
0 0.374479 0.557870 0.020833 0.019444
0 0.071094 0.396296 0.010937 0.018519
0 0.131510 0.406481 0.011979 0.014815
0 0.187240 0.446759 0.008854 0.012037
0 0.408073 0.534722 0.008854 0.010185
0 0.822656 0.689815 0.071354 0.050000
0 0.345313 0.467130 0.039583 0.043519
0 0.268229 0.424074 0.047917 0.033333
0 0.808333 0.792130 0.046875 0.050926
0 0.889844 0.802315 0.044271 0.037963
0 0.977604 0.789815 0.032292 0.022222
0 0.581250 0.630093 0.021875 0.023148
0 0.099740 0.342593 0.031771 0.035185
0 0.127344 0.343519 0.031771 0.027778
0 0.213542 0.368519 0.027083 0.025926
0 0.243490 0.396296 0.028646 0.029630
