0 0.785937 0.789815 0.028125 0.027778
0 0.666927 0.814815 0.027604 0.029630
0 0.586198 0.789352 0.025521 0.030556
0 0.485156 0.705556 0.021354 0.025926
0 0.666927 0.751389 0.040104 0.030556
0 0.709375 0.726389 0.033333 0.023148
0 0.120573 0.479167 0.021354 0.034259
0 0.336198 0.551852 0.018229 0.018519
0 0.452344 0.586111 0.025521 0.024074
0 0.113802 0.427778 0.010937 0.018519
0 0.175781 0.437500 0.013021 0.015741
0 0.230729 0.467130 0.010417 0.013889
0 0.372135 0.506019 0.008854 0.010185
0 0.954427 0.822222 0.090104 0.077778
0 0.785937 0.656481 0.060417 0.042593
0 0.353906 0.468519 0.036979 0.040741
0 0.280729 0.429630 0.044792 0.031481
0 0.901823 0.736111 0.031771 0.035185
0 0.941927 0.733333 0.028646 0.024074
0 0.972135 0.718519 0.026562 0.018519
0 0.603906 0.615741 0.014063 0.014815
0 0.110156 0.354630 0.028646 0.031481
0 0.141667 0.356481 0.030208 0.025926
0 0.225260 0.379630 0.025521 0.024074
0 0.255469 0.404630 0.027604 0.027778
