0 0.631250 0.728241 0.019792 0.019444
0 0.574740 0.762963 0.019271 0.020370
0 0.456510 0.699537 0.021354 0.025000
0 0.319271 0.609722 0.014583 0.017593
0 0.724219 0.841204 0.051562 0.039815
0 0.577604 0.708333 0.023958 0.016667
0 0.039323 0.406481 0.017188 0.027778
0 0.240625 0.508796 0.013542 0.013889
0 0.334375 0.542130 0.018750 0.017593
0 0.047396 0.378704 0.010417 0.018519
0 0.109115 0.389352 0.010937 0.013889
0 0.163802 0.434722 0.008854 0.012037
0 0.430729 0.553704 0.009375 0.011111
0 0.843229 0.710185 0.077083 0.053704
0 0.339062 0.466204 0.040625 0.045370
0 0.259896 0.419907 0.048958 0.034259
0 0.736719 0.799074 0.044271 0.048148
0 0.833073 0.822685 0.047396 0.039815
0 0.954688 0.837963 0.042708 0.029630
0 0.559375 0.624074 0.017708 0.018519
0 0.092969 0.333333 0.033854 0.037037
0 0.117708 0.335648 0.032292 0.028704
0 0.205469 0.361111 0.027604 0.025926
0 0.234896 0.389815 0.029167 0.029630
