0 0.519531 0.382407 0.021354 0.020370
0 0.488802 0.383333 0.017188 0.016667
0 0.458333 0.387500 0.021875 0.017593
0 0.356771 0.406481 0.031250 0.016667
0 0.197656 0.431481 0.047396 0.025926
0 0.140365 0.437037 0.057813 0.025926
0 -0.004167 0.461574 0.043750 0.023148
0 0.627865 0.373148 0.023438 0.024074
0 0.631250 0.432407 0.023958 0.033333
0 0.657813 0.418056 0.023958 0.026852
0 0.691667 0.396759 0.037500 0.025000
0 0.620052 0.407407 0.046354 0.037037
0 0.513542 0.593981 0.047917 0.104630
0 0.695833 0.766667 0.142708 0.212963
