0 0.641406 0.732870 0.020313 0.019444
0 0.581250 0.766204 0.019792 0.021296
0 0.466406 0.705093 0.021354 0.025000
0 0.333333 0.614815 0.015625 0.018519
0 0.722917 0.834259 0.047917 0.037037
0 0.590104 0.712037 0.023958 0.016667
0 0.046354 0.411574 0.017708 0.028704
0 0.248698 0.511574 0.014063 0.013889
0 0.343750 0.545370 0.019792 0.018519
0 0.053906 0.381481 0.010937 0.018519
0 0.115104 0.392130 0.011458 0.013889
0 0.170052 0.436574 0.008854 0.012037
0 0.426563 0.550000 0.009375 0.011111
0 0.839323 0.706019 0.075521 0.052778
0 0.341667 0.466204 0.040625 0.045370
0 0.263021 0.420833 0.048958 0.034259
0 0.752865 0.799537 0.046354 0.050926
0 0.846094 0.820833 0.046354 0.039815
0 0.963281 0.829167 0.041146 0.028704
0 0.564844 0.627315 0.018229 0.019444
0 0.095573 0.335185 0.033854 0.037037
0 0.121354 0.337037 0.032292 0.027778
0 0.207813 0.362963 0.027083 0.025926
0 0.238021 0.390741 0.029167 0.029630
