0 1 0.147396 0.640741 0.023958 0.042593
0 2 0.390625 0.572222 0.022917 0.027778
0 3 0.449479 0.578704 0.021875 0.024074
0 4 0.590885 0.655093 0.031771 0.028704
0 5 0.711719 0.744907 0.022396 0.026852
0 6 0.995313 0.769907 0.075000 0.037963
0 7 0.761198 0.634722 0.041146 0.039815
0 8 0.646354 0.600463 0.025000 0.023148
0 9 0.529948 0.562963 0.025521 0.022222
0 10 0.811719 0.618519 0.095312 0.070370
0 11 0.702604 0.541204 0.043750 0.030556
0 12 0.398958 0.439352 0.029167 0.030556
0 13 0.339583 0.412037 0.041667 0.031481
0 14 0.316406 0.396296 0.027604 0.024074
0 15 0.188281 0.363426 0.017188 0.015741
0 16 0.214583 0.361574 0.022917 0.025000
0 17 0.236458 0.372222 0.025000 0.020370
0 18 0.285677 0.382870 0.024479 0.019444
0 19 0.263802 0.373148 0.020313 0.020370
0 20 0.223177 0.436574 0.017188 0.021296
0 21 0.433594 0.512963 0.021354 0.022222
0 22 0.640885 0.566667 0.024479 0.018519
0 23 0.519792 0.482407 0.018750 0.016667
0 24 0.151823 0.581019 0.019271 0.021296
0 25 0.994531 0.729167 0.038021 0.026852
0 28 0.073958 0.774074 0.080208 0.085185
0 29 0.581510 0.478241 0.019271 0.017593
