0 1 0.132812 0.699074 0.025000 0.044444
0 2 0.342708 0.543519 0.017708 0.022222
0 3 0.341667 0.586111 0.021875 0.024074
0 4 0.547656 0.641667 0.022396 0.020370
0 5 0.692448 0.717130 0.017188 0.021296
0 7 0.836979 0.696296 0.060417 0.059259
0 8 0.599740 0.594444 0.020313 0.018519
0 9 0.459115 0.540278 0.024479 0.021296
0 10 0.849740 0.650463 0.106771 0.078704
0 11 0.726823 0.560185 0.047396 0.033333
0 12 0.404427 0.448148 0.029687 0.031481
0 13 0.344010 0.418519 0.043229 0.033333
0 14 0.320833 0.400926 0.028125 0.024074
0 15 0.190885 0.366204 0.017188 0.015741
0 16 0.217448 0.364815 0.023438 0.025926
0 17 0.240104 0.376389 0.026042 0.021296
0 18 0.290104 0.387963 0.025000 0.020370
0 19 0.268229 0.377315 0.020833 0.021296
0 20 0.199740 0.424537 0.017188 0.021296
0 21 0.411198 0.509259 0.016146 0.016667
0 23 0.532552 0.493056 0.016146 0.013889
0 26 0.752865 0.609259 0.038021 0.018519
0 27 0.697656 0.595370 0.026562 0.022222
0 28 0.242448 0.715741 0.063021 0.066667
