0 0.716406 0.766667 0.026562 0.025926
0 0.620833 0.790741 0.023958 0.025926
0 0.535156 0.756019 0.024479 0.028704
0 0.419792 0.668981 0.019792 0.023148
0 0.688021 0.779167 0.044792 0.034259
0 0.663021 0.724537 0.030208 0.021296
0 0.085938 0.453704 0.019792 0.031481
0 0.297917 0.537500 0.015625 0.015741
0 0.405990 0.572222 0.023438 0.022222
0 0.084896 0.411574 0.011458 0.019444
0 0.145833 0.421296 0.012500 0.014815
0 0.202344 0.457407 0.009896 0.012963
0 0.386979 0.520370 0.008333 0.009259
0 0.800260 0.672222 0.066146 0.046296
0 0.345313 0.468519 0.038542 0.042593
0 0.269531 0.427315 0.046354 0.032407
0 0.858073 0.768981 0.043229 0.047222
0 0.921094 0.768981 0.035937 0.030556
0 0.975000 0.750000 0.027083 0.018519
0 0.595573 0.626389 0.025521 0.026852
0 0.099219 0.349074 0.030729 0.033333
0 0.128906 0.350463 0.030729 0.026852
0 0.214323 0.373611 0.026562 0.025000
0 0.244271 0.400463 0.028125 0.028704
