0 1 0.136458 0.692593 0.025000 0.044444
0 2 0.348958 0.547222 0.017708 0.022222
0 3 0.358854 0.581944 0.023958 0.026852
0 4 0.553385 0.642130 0.023438 0.021296
0 5 0.695052 0.719907 0.019271 0.023148
0 7 0.830990 0.688426 0.057813 0.056481
0 8 0.606510 0.595370 0.020313 0.018519
0 9 0.467969 0.542130 0.024479 0.021296
0 10 0.845313 0.644907 0.105208 0.076852
0 11 0.723958 0.557407 0.046875 0.033333
0 12 0.404427 0.446296 0.029687 0.031481
0 13 0.343750 0.417130 0.042708 0.032407
0 14 0.320833 0.400463 0.028125 0.025000
0 15 0.191146 0.366204 0.016667 0.015741
0 16 0.217969 0.364815 0.023438 0.025926
0 17 0.240365 0.375000 0.025521 0.020370
0 18 0.290104 0.386574 0.025000 0.019444
0 19 0.268229 0.376389 0.020833 0.021296
0 20 0.203385 0.425926 0.016146 0.020370
0 21 0.414062 0.509722 0.017708 0.019444
0 23 0.531250 0.490278 0.016667 0.013889
0 24 0.012760 0.624537 0.022396 0.025000
0 26 0.760677 0.603704 0.038021 0.018519
0 27 0.694010 0.591667 0.026562 0.022222
0 28 0.229948 0.718519 0.066146 0.070370
