0 0.793750 0.793056 0.027083 0.026852
0 0.673438 0.818519 0.028125 0.029630
0 0.592187 0.793056 0.026042 0.030556
0 0.492708 0.709259 0.021875 0.025926
0 0.665885 0.749537 0.040104 0.030556
0 0.714583 0.726852 0.033333 0.024074
0 0.124740 0.482407 0.021354 0.035185
0 0.340365 0.552778 0.018229 0.018519
0 0.457292 0.587500 0.025000 0.023148
0 0.117448 0.429630 0.010937 0.018519
0 0.180208 0.438889 0.013542 0.016667
0 0.234115 0.468519 0.010937 0.014815
0 0.005729 0.361574 0.016667 0.021296
0 0.372135 0.505093 0.008854 0.010185
0 0.953906 0.820370 0.090104 0.077778
0 0.785677 0.655556 0.060937 0.042593
0 0.355469 0.468519 0.036979 0.040741
0 0.282031 0.430556 0.044271 0.031481
0 0.905469 0.732407 0.030729 0.033333
0 0.944271 0.731481 0.028125 0.024074
0 0.972656 0.715741 0.026562 0.018519
0 0.604688 0.614815 0.012500 0.012963
0 0.112240 0.355556 0.028646 0.031481
0 0.144010 0.356944 0.030729 0.026852
0 0.227083 0.379630 0.025000 0.024074
0 0.257031 0.404630 0.027604 0.027778
