0 1 0.136458 0.620370 0.023958 0.042593
0 2 0.397396 0.586111 0.023958 0.029630
0 3 0.457292 0.584259 0.019792 0.022222
0 4 0.603646 0.656944 0.033333 0.030556
0 5 0.714844 0.759259 0.024479 0.029630
0 6 0.956510 0.754167 0.086979 0.043519
0 7 0.725260 0.614352 0.039062 0.037963
0 8 0.655208 0.601852 0.026042 0.024074
0 9 0.540625 0.565278 0.031250 0.026852
0 10 0.786979 0.609259 0.090625 0.066667
0 11 0.683073 0.537037 0.042188 0.029630
0 12 0.385677 0.440278 0.028646 0.030556
0 13 0.326823 0.413889 0.041146 0.031481
0 14 0.303906 0.398148 0.027604 0.024074
0 15 0.176302 0.366667 0.018229 0.016667
0 16 0.201563 0.364352 0.022917 0.025000
0 17 0.223958 0.375000 0.025000 0.020370
0 18 0.273177 0.385648 0.024479 0.019444
0 19 0.251302 0.375926 0.020313 0.020370
0 20 0.221875 0.443056 0.018750 0.023148
0 21 0.430729 0.518519 0.020833 0.022222
0 22 0.617448 0.561111 0.024479 0.018519
0 23 0.503385 0.482870 0.020313 0.017593
0 24 0.188281 0.566667 0.018229 0.020370
0 25 0.977083 0.711111 0.039583 0.027778
0 29 0.565625 0.476852 0.018750 0.016667
