0 0.638802 0.731944 0.020313 0.019444
0 0.579688 0.765278 0.019792 0.021296
0 0.463802 0.704167 0.021354 0.025000
0 0.329948 0.613426 0.015104 0.017593
0 0.723177 0.835185 0.048438 0.037037
0 0.586979 0.711111 0.023958 0.016667
0 0.044792 0.410648 0.017708 0.028704
0 0.246615 0.511111 0.014063 0.014815
0 0.341667 0.544444 0.019792 0.018519
0 0.052344 0.381481 0.010937 0.018519
0 0.113542 0.391204 0.011458 0.013889
0 0.168490 0.436111 0.008854 0.011111
0 0.427604 0.550926 0.009375 0.011111
0 0.840365 0.706944 0.075521 0.052778
0 0.340625 0.466204 0.040625 0.045370
0 0.261979 0.419907 0.048958 0.034259
0 0.748437 0.800000 0.045833 0.050000
0 0.842969 0.821759 0.046354 0.039815
0 0.961198 0.831944 0.041146 0.028704
0 0.563542 0.625926 0.017708 0.018519
0 0.095052 0.335185 0.033854 0.037037
0 0.120833 0.336111 0.032292 0.027778
0 0.207552 0.362037 0.027604 0.025926
0 0.237500 0.390741 0.029167 0.029630
