0 1 0.138021 0.687963 0.025000 0.044444
0 2 0.352604 0.550000 0.017708 0.022222
0 3 0.369792 0.580093 0.023958 0.026852
0 4 0.555469 0.643056 0.023438 0.021296
0 5 0.696615 0.719444 0.021354 0.025926
0 7 0.826562 0.684259 0.055208 0.053704
0 8 0.609115 0.594444 0.020313 0.018519
0 9 0.472135 0.543981 0.024479 0.021296
0 10 0.842708 0.643056 0.104167 0.076852
0 11 0.722396 0.556019 0.046875 0.032407
0 12 0.403906 0.445370 0.029687 0.031481
0 13 0.343750 0.416204 0.042708 0.032407
0 14 0.320833 0.400000 0.028125 0.024074
0 15 0.191146 0.365278 0.016667 0.015741
0 16 0.217969 0.363889 0.023438 0.025926
0 17 0.240365 0.375463 0.025521 0.021296
0 18 0.290104 0.385648 0.025000 0.019444
0 19 0.268229 0.376389 0.020833 0.021296
0 20 0.204687 0.425463 0.015625 0.019444
0 21 0.415885 0.509259 0.019271 0.020370
0 22 0.685156 0.585648 0.023438 0.017593
0 23 0.530469 0.489352 0.016146 0.013889
0 24 0.025781 0.620833 0.022396 0.025000
0 26 0.762240 0.600926 0.038021 0.018519
0 28 0.224219 0.720370 0.066146 0.070370
