0 0.905990 0.825926 0.027604 0.027778
0 0.786458 0.873148 0.035417 0.037037
0 0.689323 0.849537 0.031771 0.037963
0 0.608333 0.774537 0.030208 0.036111
0 0.659375 0.725000 0.040625 0.031481
0 0.789323 0.716667 0.034896 0.024074
0 0.194010 0.524537 0.023438 0.037963
0 0.406771 0.574537 0.018750 0.019444
0 0.539844 0.608796 0.028646 0.026852
0 0.177344 0.453704 0.011979 0.020370
0 0.245312 0.462037 0.015625 0.018519
0 0.288542 0.482407 0.012500 0.016667
0 0.066927 0.379630 0.017188 0.022222
0 0.367448 0.488889 0.009896 0.011111
0 0.952344 0.783796 0.115104 0.099074
0 0.782292 0.637963 0.056250 0.038889
0 0.381510 0.468519 0.034896 0.038889
0 0.310937 0.433333 0.042708 0.029630
0 0.633333 0.532407 0.018750 0.009259
0 0.945052 0.687500 0.031771 0.023148
0 0.145313 0.364352 0.026042 0.028704
0 0.176563 0.364352 0.029167 0.025000
0 0.257031 0.386574 0.024479 0.023148
0 0.286198 0.410648 0.026562 0.026852
