0 0.941146 0.829167 0.031250 0.030556
0 0.845573 0.899537 0.042188 0.045370
0 0.730208 0.875926 0.034375 0.040741
0 0.659635 0.807407 0.034896 0.042593
0 0.653906 0.717593 0.035937 0.027778
0 0.807031 0.701389 0.032813 0.023148
0 0.217448 0.546759 0.025521 0.041667
0 0.428906 0.583796 0.019271 0.019444
0 0.570052 0.616667 0.029687 0.027778
0 0.196615 0.464815 0.011979 0.020370
0 0.268490 0.472685 0.017188 0.021296
0 0.304948 0.487500 0.011979 0.015741
0 0.086198 0.386111 0.018229 0.024074
0 0.360156 0.482407 0.010937 0.012963
0 0.943750 0.770370 0.133333 0.114815
0 0.773177 0.628241 0.053646 0.037963
0 0.385417 0.468056 0.034375 0.037963
0 0.316406 0.433333 0.042188 0.029630
0 0.622135 0.528704 0.022396 0.011111
0 0.945052 0.668519 0.028646 0.020370
0 0.153906 0.366204 0.021354 0.023148
0 0.182292 0.367130 0.029167 0.025000
0 0.261979 0.387963 0.023958 0.022222
0 0.291667 0.411574 0.026042 0.026852
