0 0.891927 0.822222 0.026562 0.025926
0 0.767448 0.864352 0.033854 0.036111
0 0.675000 0.839815 0.031250 0.037037
0 0.591146 0.762963 0.029167 0.035185
0 0.662500 0.728704 0.040625 0.031481
0 0.780990 0.720370 0.034896 0.024074
0 0.185677 0.517130 0.022396 0.036111
0 0.398698 0.570370 0.018229 0.018519
0 0.528646 0.605556 0.028125 0.025926
0 0.170573 0.449074 0.011979 0.020370
0 0.237500 0.458333 0.015625 0.018519
0 0.282813 0.480093 0.011458 0.015741
0 0.060937 0.376389 0.017708 0.023148
0 0.370833 0.490741 0.009375 0.011111
0 0.959115 0.787037 0.109896 0.094444
0 0.785156 0.641204 0.056771 0.039815
0 0.380208 0.468519 0.035417 0.038889
0 0.309635 0.432407 0.043229 0.029630
0 0.636458 0.533333 0.018750 0.009259
0 0.944271 0.695370 0.033333 0.024074
0 0.616667 0.602315 0.014583 0.015741
0 0.142969 0.362037 0.026562 0.029630
0 0.174479 0.363889 0.029167 0.025926
0 0.254948 0.385648 0.024479 0.023148
0 0.284635 0.409722 0.026562 0.026852
