0 0.946875 0.830556 0.032292 0.031481
0 0.854688 0.904167 0.042708 0.045370
0 0.736458 0.880556 0.034375 0.040741
0 0.667708 0.812963 0.035417 0.042593
0 0.654687 0.716204 0.035417 0.026852
0 0.809375 0.700463 0.032292 0.023148
0 0.221615 0.550000 0.026562 0.042593
0 0.432031 0.584722 0.019271 0.019444
0 0.573698 0.618519 0.029687 0.027778
0 0.199740 0.466667 0.011979 0.020370
0 0.272135 0.474537 0.017188 0.021296
0 0.307552 0.488426 0.011979 0.015741
0 0.089844 0.387963 0.018229 0.024074
0 0.359115 0.481481 0.010937 0.012963
0 0.942187 0.768519 0.133333 0.114815
0 0.772135 0.627315 0.053646 0.037963
0 0.386198 0.468056 0.033854 0.037963
0 0.317448 0.434259 0.042188 0.029630
0 0.620573 0.527778 0.022396 0.011111
0 0.943750 0.667593 0.023958 0.016667
0 0.155208 0.366667 0.021875 0.024074
0 0.183594 0.368056 0.028646 0.025000
0 0.263542 0.388889 0.023958 0.022222
0 0.292708 0.412037 0.026042 0.025926
