0 1 0.138542 0.622222 0.023958 0.042593
0 2 0.399479 0.584259 0.023958 0.029630
0 3 0.458333 0.582407 0.019792 0.022222
0 4 0.601302 0.656019 0.031771 0.028704
0 5 0.714323 0.755556 0.024479 0.029630
0 6 0.957552 0.755093 0.078646 0.039815
0 7 0.729948 0.614352 0.039062 0.037963
0 8 0.655208 0.600926 0.026042 0.024074
0 9 0.538802 0.563889 0.032813 0.027778
0 10 0.790885 0.608796 0.091146 0.067593
0 11 0.686198 0.535185 0.042188 0.029630
0 12 0.387760 0.438426 0.028646 0.030556
0 13 0.328906 0.411111 0.041146 0.031481
0 14 0.305990 0.395370 0.027604 0.024074
0 15 0.178125 0.364352 0.017708 0.015741
0 16 0.203646 0.361574 0.022917 0.025000
0 17 0.226042 0.372222 0.025000 0.020370
0 18 0.275260 0.382870 0.024479 0.019444
0 19 0.253385 0.373148 0.020313 0.020370
0 20 0.222396 0.441667 0.017708 0.022222
0 21 0.431250 0.515741 0.020833 0.022222
0 22 0.622656 0.559259 0.024479 0.018519
0 23 0.506250 0.481019 0.020833 0.017593
0 24 0.182552 0.566667 0.018229 0.020370
0 25 0.979427 0.710648 0.040104 0.028704
0 29 0.568229 0.475000 0.018750 0.016667
