0 0.870313 0.816204 0.027083 0.026852
0 0.744010 0.851852 0.031771 0.033333
0 0.655208 0.827778 0.030208 0.035185
0 0.568229 0.748148 0.028125 0.033333
0 0.664062 0.732407 0.040625 0.031481
0 0.767708 0.722685 0.035417 0.025000
0 0.172656 0.507870 0.022396 0.036111
0 0.386979 0.565741 0.018750 0.018519
0 0.513021 0.600926 0.027083 0.025926
0 0.159635 0.443519 0.011979 0.020370
0 0.225260 0.452778 0.015104 0.018519
0 0.272917 0.476389 0.011458 0.015741
0 0.050000 0.372685 0.017708 0.023148
0 0.371875 0.493519 0.009375 0.011111
0 0.947656 0.798611 0.104688 0.089815
0 0.786719 0.644444 0.057813 0.040741
0 0.375521 0.468056 0.035417 0.039815
0 0.304427 0.431019 0.043229 0.030556
0 0.636458 0.533333 0.018750 0.009259
0 0.940365 0.702778 0.035937 0.025926
0 0.963542 0.705556 0.023958 0.020370
0 0.614062 0.602315 0.014583 0.015741
0 0.136979 0.360185 0.027083 0.029630
0 0.168750 0.361111 0.029167 0.025926
0 0.250260 0.383796 0.024479 0.023148
0 0.279427 0.407870 0.026562 0.026852
