0 0.954427 0.831944 0.032813 0.032407
0 0.867448 0.911111 0.042188 0.044444
0 0.746354 0.887500 0.035417 0.041667
0 0.680729 0.820833 0.036458 0.043519
0 0.655729 0.714815 0.033333 0.025926
0 0.812760 0.697222 0.031771 0.022222
0 0.227083 0.555093 0.027083 0.043519
0 0.437760 0.587037 0.020313 0.020370
0 0.580469 0.620833 0.028646 0.026852
0 0.204687 0.468981 0.012500 0.021296
0 0.278125 0.476389 0.017708 0.021296
0 0.311719 0.489815 0.013021 0.016667
0 0.094271 0.388889 0.018750 0.024074
0 0.358594 0.480093 0.011979 0.013889
0 0.942448 0.765741 0.140104 0.120370
0 0.771354 0.625926 0.053125 0.037037
0 0.387760 0.468056 0.033854 0.037963
0 0.319010 0.434259 0.042188 0.029630
0 0.617969 0.527778 0.022396 0.011111
0 0.944010 0.664815 0.023438 0.016667
0 0.157292 0.367593 0.021875 0.024074
0 0.185677 0.368056 0.028646 0.025000
0 0.265104 0.389815 0.023958 0.022222
0 0.294271 0.412037 0.026042 0.025926
