0 0.708073 0.763889 0.024479 0.024074
0 0.616927 0.788426 0.023438 0.025000
0 0.528646 0.751389 0.023958 0.028704
0 0.411198 0.662963 0.018229 0.022222
0 0.692448 0.783333 0.046354 0.035185
0 0.657292 0.724537 0.030208 0.021296
0 0.082031 0.449074 0.019271 0.031481
0 0.293490 0.535648 0.015104 0.015741
0 0.399740 0.569907 0.022396 0.021296
0 0.082552 0.409259 0.010937 0.018519
0 0.143229 0.418519 0.012500 0.014815
0 0.199479 0.455556 0.009375 0.012963
0 0.390104 0.522685 0.008333 0.010185
0 0.804427 0.675463 0.067187 0.047222
0 0.345313 0.467593 0.038542 0.042593
0 0.269271 0.426389 0.046875 0.032407
0 0.850521 0.774074 0.043750 0.048148
0 0.917448 0.775000 0.036979 0.031481
0 0.976302 0.756019 0.028646 0.019444
0 0.594010 0.628241 0.025521 0.026852
0 0.099219 0.348148 0.030729 0.033333
0 0.128906 0.349537 0.030729 0.026852
0 0.213802 0.372685 0.026562 0.025000
0 0.243750 0.399537 0.028125 0.028704
