0 0.687500 0.756944 0.021875 0.021296
0 0.607552 0.781944 0.022396 0.023148
0 0.511198 0.738889 0.023438 0.027778
0 0.391406 0.649074 0.017188 0.020370
0 0.703385 0.796759 0.047396 0.036111
0 0.641146 0.722685 0.027083 0.019444
0 0.072917 0.438426 0.018750 0.030556
0 0.281771 0.529630 0.014583 0.014815
0 0.385156 0.562500 0.021354 0.019444
0 0.075781 0.400926 0.010937 0.018519
0 0.136198 0.411574 0.011979 0.013889
0 0.192448 0.450463 0.008854 0.012037
0 0.399740 0.530093 0.008854 0.010185
0 0.814323 0.683333 0.069271 0.048148
0 0.345052 0.468056 0.039062 0.043519
0 0.268490 0.425000 0.047396 0.033333
0 0.827344 0.785648 0.046354 0.050926
0 0.903646 0.790741 0.041667 0.035185
0 0.977865 0.774537 0.030729 0.021296
0 0.586979 0.629630 0.025000 0.025926
0 0.098958 0.344907 0.031250 0.034259
0 0.127865 0.346296 0.031771 0.027778
0 0.213542 0.369907 0.027083 0.025000
0 0.243490 0.397685 0.028646 0.028704
