0 0.516406 0.380556 0.021354 0.020370
0 0.487240 0.382407 0.017188 0.016667
0 0.457292 0.387037 0.020833 0.016667
0 0.358333 0.404630 0.031250 0.016667
0 0.207031 0.428241 0.045312 0.025000
0 0.150781 0.431944 0.052604 0.023148
0 0.015885 0.456019 0.050521 0.026852
0 0.623698 0.372222 0.021354 0.022222
0 0.624479 0.432407 0.022917 0.031481
0 0.650000 0.416204 0.022917 0.025000
0 0.683333 0.397685 0.037500 0.025000
0 0.613802 0.404630 0.046354 0.037037
0 0.515365 0.580556 0.044271 0.096296
0 0.685677 0.729630 0.124479 0.185185
