0 0.504427 0.378241 0.020313 0.019444
0 0.475260 0.379630 0.017188 0.016667
0 0.450521 0.383796 0.019792 0.015741
0 0.359896 0.398148 0.028125 0.014815
0 0.227865 0.416204 0.039062 0.021296
0 0.178906 0.420370 0.045312 0.020370
0 0.064583 0.443056 0.061458 0.032407
0 0.601823 0.369444 0.021354 0.022222
0 0.595313 0.422685 0.020833 0.028704
0 0.618229 0.410185 0.021875 0.024074
0 0.651823 0.391667 0.035937 0.024074
0 0.581510 0.400926 0.044271 0.035185
0 0.512760 0.538889 0.034896 0.075926
0 0.652083 0.633333 0.083333 0.124074
