0 0.825781 0.802778 0.026562 0.025926
0 0.700521 0.831019 0.029167 0.030556
0 0.617448 0.806944 0.027604 0.032407
0 0.523438 0.724074 0.025000 0.029630
0 0.663802 0.740741 0.039062 0.029630
0 0.736979 0.725000 0.034375 0.024074
0 0.144531 0.493056 0.022396 0.036111
0 0.359896 0.558796 0.018750 0.019444
0 0.480208 0.592593 0.026042 0.024074
0 0.134115 0.434722 0.010937 0.019444
0 0.198177 0.444444 0.014063 0.016667
0 0.250000 0.471296 0.011458 0.014815
0 0.023177 0.365741 0.017188 0.022222
0 0.371094 0.499537 0.008854 0.010185
0 0.952083 0.811111 0.094792 0.081481
0 0.785417 0.650926 0.060417 0.042593
0 0.363542 0.468519 0.036458 0.040741
0 0.290625 0.430093 0.043750 0.030556
0 0.928385 0.715278 0.038021 0.026852
0 0.952344 0.718981 0.025521 0.021296
0 0.975000 0.706019 0.025000 0.017593
0 0.609896 0.611574 0.011458 0.012037
0 0.121875 0.356944 0.028125 0.030556
0 0.153906 0.358333 0.029687 0.025926
0 0.235937 0.381481 0.025000 0.024074
0 0.266146 0.406481 0.027083 0.027778
