0 0.833594 0.804630 0.026562 0.025926
0 0.708073 0.835185 0.029687 0.031481
0 0.623958 0.811111 0.028125 0.033333
0 0.531250 0.727778 0.026042 0.031481
0 0.663802 0.738889 0.039062 0.029630
0 0.742969 0.725463 0.034896 0.025000
0 0.149740 0.494907 0.022396 0.036111
0 0.364583 0.559722 0.018750 0.019444
0 0.485938 0.594444 0.026042 0.024074
0 0.139063 0.436574 0.011458 0.019444
0 0.202865 0.445370 0.014063 0.016667
0 0.253906 0.472222 0.010937 0.014815
0 0.027865 0.366667 0.017188 0.022222
0 0.371094 0.498611 0.008854 0.010185
0 0.960156 0.806481 0.099479 0.085185
0 0.785677 0.649537 0.059896 0.041667
0 0.366146 0.468056 0.036458 0.039815
0 0.293229 0.430093 0.043750 0.030556
0 0.929688 0.713889 0.038542 0.027778
0 0.954688 0.716204 0.025000 0.021296
0 0.975781 0.704167 0.025521 0.017593
0 0.611719 0.611111 0.010937 0.011111
0 0.125000 0.357870 0.028125 0.030556
0 0.156510 0.359259 0.029687 0.025926
0 0.238542 0.381481 0.025000 0.024074
0 0.268229 0.406481 0.027083 0.027778
