0 0.755729 0.778704 0.028125 0.027778
0 0.644010 0.801852 0.026562 0.027778
0 0.564323 0.775463 0.025521 0.030556
0 0.456510 0.690278 0.022396 0.026852
0 0.673438 0.761111 0.041667 0.031481
0 0.689583 0.726852 0.031250 0.022222
0 0.104167 0.469444 0.020833 0.033333
0 0.318750 0.545833 0.017708 0.017593
0 0.432292 0.581019 0.025000 0.023148
0 0.099740 0.421759 0.010937 0.019444
0 0.161979 0.431944 0.012500 0.015741
0 0.217708 0.464352 0.010417 0.013889
0 0.376302 0.511574 0.008854 0.010185
0 0.971615 0.837963 0.090104 0.077778
0 0.790104 0.662037 0.063542 0.044444
0 0.348958 0.468981 0.037500 0.041667
0 0.274219 0.428704 0.045312 0.031481
0 0.885677 0.748611 0.035937 0.039815
0 0.934115 0.746296 0.030729 0.025926
0 0.971615 0.728241 0.025521 0.017593
0 0.599740 0.619907 0.022396 0.023148
0 0.103646 0.353241 0.029167 0.032407
0 0.134375 0.354630 0.030208 0.025926
0 0.219271 0.378241 0.026042 0.025000
0 0.249219 0.403704 0.027604 0.027778
