0 1 0.136979 0.620370 0.023958 0.042593
0 2 0.399479 0.584259 0.023958 0.029630
0 3 0.457813 0.581481 0.019792 0.022222
0 4 0.601562 0.655093 0.033333 0.030556
0 5 0.714844 0.757407 0.024479 0.029630
0 6 0.958073 0.754167 0.082812 0.041667
0 7 0.727344 0.612500 0.039062 0.037963
0 8 0.656250 0.600463 0.025000 0.023148
0 9 0.539062 0.564352 0.031250 0.026852
0 10 0.788542 0.607407 0.090625 0.066667
0 11 0.684635 0.534259 0.042188 0.029630
0 12 0.386719 0.437500 0.028646 0.030556
0 13 0.327865 0.411111 0.041146 0.031481
0 14 0.304948 0.395370 0.027604 0.024074
0 15 0.177344 0.363889 0.018229 0.016667
0 16 0.202604 0.362500 0.022917 0.025000
0 17 0.225000 0.372222 0.025000 0.020370
0 18 0.274219 0.382870 0.024479 0.019444
0 19 0.252344 0.373148 0.020313 0.020370
0 20 0.221875 0.442130 0.018750 0.023148
0 21 0.431250 0.515741 0.020833 0.022222
0 22 0.620052 0.560185 0.024479 0.018519
0 23 0.504948 0.480093 0.020313 0.017593
0 24 0.185677 0.565278 0.017188 0.019444
0 25 0.978125 0.709259 0.039583 0.027778
0 29 0.566667 0.474074 0.018750 0.016667
