0 1 0.129688 0.707407 0.029167 0.051852
0 2 0.338021 0.541667 0.017708 0.022222
0 3 0.325521 0.587500 0.025000 0.028704
0 4 0.544531 0.640278 0.021354 0.019444
0 5 0.691146 0.715741 0.016667 0.020370
0 7 0.843229 0.701389 0.063542 0.062037
0 8 0.594010 0.593981 0.019271 0.017593
0 9 0.452865 0.538426 0.024479 0.021296
0 10 0.852865 0.653704 0.107813 0.079630
0 11 0.728646 0.562963 0.047917 0.033333
0 12 0.404427 0.449074 0.029687 0.031481
0 13 0.343750 0.418981 0.042708 0.032407
0 14 0.320833 0.401852 0.028125 0.024074
0 15 0.190625 0.366204 0.017708 0.015741
0 16 0.216927 0.365741 0.023438 0.025926
0 17 0.239323 0.377315 0.025521 0.021296
0 18 0.289583 0.388426 0.025000 0.019444
0 19 0.267708 0.378241 0.020833 0.021296
0 20 0.196615 0.424074 0.016146 0.020370
0 21 0.408073 0.509259 0.016146 0.016667
0 23 0.533073 0.493981 0.016146 0.013889
0 26 0.747656 0.612037 0.038021 0.018519
0 27 0.701562 0.599074 0.029167 0.024074
0 28 0.250260 0.711574 0.059896 0.063889
