0 0.821615 0.800926 0.026562 0.025926
0 0.696615 0.829167 0.028646 0.030556
0 0.613542 0.805093 0.027083 0.032407
0 0.519792 0.722222 0.025000 0.029630
0 0.663802 0.742130 0.039062 0.030556
0 0.734375 0.725000 0.034375 0.024074
0 0.141927 0.491204 0.022396 0.036111
0 0.357812 0.557870 0.017708 0.017593
0 0.477344 0.592593 0.025521 0.024074
0 0.132031 0.434722 0.010937 0.019444
0 0.195312 0.443519 0.013542 0.016667
0 0.247917 0.471296 0.011458 0.014815
0 0.021094 0.365741 0.017188 0.022222
0 0.371094 0.500463 0.008854 0.010185
0 0.960417 0.812037 0.094792 0.081481
0 0.785417 0.650926 0.060417 0.042593
0 0.362500 0.468519 0.036458 0.040741
0 0.289844 0.430093 0.044271 0.030556
0 0.927344 0.717130 0.038021 0.026852
0 0.951302 0.720370 0.025521 0.022222
0 0.974479 0.706944 0.026042 0.017593
0 0.609115 0.612037 0.010937 0.011111
0 0.120833 0.356944 0.028125 0.030556
0 0.152344 0.358333 0.029687 0.025926
0 0.234896 0.381481 0.025000 0.024074
0 0.264583 0.405556 0.027083 0.027778
