0 0.515365 0.380093 0.020313 0.019444
0 0.485156 0.380556 0.017188 0.016667
0 0.457813 0.386111 0.020833 0.016667
0 0.362760 0.401389 0.029687 0.015741
0 0.216406 0.424537 0.043229 0.023148
0 0.161979 0.428704 0.050000 0.022222
0 0.041146 0.451389 0.061458 0.032407
0 0.619010 0.371296 0.021354 0.022222
0 0.616667 0.429167 0.021875 0.030556
0 0.641667 0.413426 0.022917 0.025000
0 0.674219 0.394444 0.035937 0.024074
0 0.602344 0.405556 0.046354 0.037037
0 0.516146 0.565741 0.040625 0.088889
0 0.675000 0.694907 0.108333 0.162037
