0 0.858333 0.812500 0.027083 0.026852
0 0.731250 0.845833 0.030208 0.032407
0 0.644792 0.821759 0.029167 0.034259
0 0.555990 0.740741 0.027604 0.033333
0 0.664062 0.734259 0.040625 0.031481
0 0.759896 0.723611 0.035417 0.025000
0 0.165365 0.503241 0.022396 0.036111
0 0.379688 0.563426 0.018750 0.019444
0 0.503906 0.598611 0.026562 0.025000
0 0.152865 0.440741 0.011979 0.020370
0 0.217708 0.450463 0.014583 0.017593
0 0.266667 0.474537 0.011458 0.015741
0 0.042708 0.370370 0.017708 0.022222
0 0.371875 0.494907 0.009375 0.010185
0 0.949219 0.802778 0.099479 0.085185
0 0.786458 0.645370 0.058333 0.040741
0 0.372656 0.468056 0.035937 0.039815
0 0.301042 0.431019 0.043750 0.030556
0 0.635938 0.533333 0.018750 0.009259
0 0.936979 0.706481 0.036458 0.025926
0 0.961198 0.709259 0.024479 0.020370
0 0.618490 0.609722 0.011979 0.012037
0 0.133073 0.359722 0.027604 0.030556
0 0.164844 0.360185 0.029687 0.025926
0 0.246875 0.382870 0.025000 0.023148
0 0.275781 0.406944 0.026562 0.026852
