0 0.509635 0.384722 0.020313 0.019444
0 0.480469 0.381019 0.018229 0.017593
0 0.453646 0.385185 0.020833 0.016667
0 0.359375 0.400926 0.031250 0.016667
0 0.216927 0.423148 0.041146 0.022222
0 0.165625 0.425926 0.050000 0.022222
0 0.040104 0.451389 0.064583 0.034259
0 0.613281 0.371296 0.021354 0.022222
0 0.608854 0.427315 0.021875 0.030556
0 0.634375 0.412963 0.021875 0.024074
0 0.665625 0.393981 0.034375 0.023148
0 0.598177 0.403704 0.046354 0.037037
0 0.513802 0.559259 0.039062 0.085185
0 0.667188 0.678241 0.101042 0.150926
