0 0.648698 0.736574 0.020313 0.019444
0 0.585938 0.768056 0.019792 0.021296
0 0.473698 0.709722 0.021354 0.025000
0 0.342448 0.618981 0.015104 0.017593
0 0.721875 0.827778 0.048958 0.037037
0 0.598698 0.713426 0.024479 0.017593
0 0.051562 0.415278 0.017708 0.028704
0 0.253906 0.513889 0.014063 0.014815
0 0.350781 0.547222 0.020313 0.018519
0 0.058333 0.384259 0.010417 0.018519
0 0.118750 0.394907 0.011458 0.013889
0 0.174219 0.438426 0.008854 0.012037
0 0.422917 0.546296 0.009375 0.011111
0 0.836719 0.703241 0.074479 0.052778
0 0.342969 0.466667 0.040104 0.044444
0 0.264844 0.420833 0.048438 0.034259
0 0.764583 0.798611 0.046875 0.050926
0 0.855990 0.817130 0.047396 0.039815
0 0.968490 0.820833 0.039062 0.026852
0 0.568750 0.627315 0.018750 0.019444
0 0.097396 0.336111 0.033333 0.037037
0 0.123438 0.337963 0.032292 0.027778
0 0.210156 0.363889 0.027604 0.025926
0 0.240104 0.391667 0.029167 0.029630
