0 0.682813 0.755093 0.021875 0.021296
0 0.605469 0.781019 0.022396 0.023148
0 0.506510 0.735648 0.022396 0.026852
0 0.385937 0.645370 0.016667 0.020370
0 0.705990 0.800463 0.047396 0.036111
0 0.636458 0.721296 0.027083 0.018519
0 0.070833 0.435648 0.018750 0.030556
0 0.279167 0.527778 0.014583 0.014815
0 0.381510 0.560648 0.021354 0.019444
0 0.074479 0.399537 0.010417 0.017593
0 0.134115 0.409259 0.011979 0.014815
0 0.190885 0.449537 0.008854 0.012037
0 0.402344 0.531019 0.008854 0.010185
0 0.817187 0.685648 0.069792 0.049074
0 0.345052 0.467130 0.039062 0.043519
0 0.268490 0.425000 0.047396 0.033333
0 0.821094 0.788426 0.046354 0.050926
0 0.899479 0.794907 0.042708 0.036111
0 0.978125 0.779167 0.031250 0.021296
0 0.585156 0.630093 0.023438 0.025000
0 0.099479 0.343519 0.032292 0.035185
0 0.127865 0.345370 0.031771 0.027778
0 0.213542 0.369444 0.027083 0.025926
0 0.243490 0.396759 0.028646 0.028704
