0 0.970573 0.834259 0.033854 0.033333
0 0.896094 0.928241 0.042188 0.045370
0 0.769010 0.903241 0.038021 0.045370
0 0.711458 0.841667 0.037500 0.044444
0 0.659635 0.712500 0.029687 0.023148
0 0.817448 0.689815 0.033854 0.024074
0 0.239063 0.568056 0.028125 0.045370
0 0.449479 0.592130 0.020833 0.021296
0 0.595833 0.625926 0.028125 0.025926
0 0.215625 0.475463 0.012500 0.021296
0 0.290625 0.482870 0.017708 0.021296
0 0.320312 0.493519 0.012500 0.016667
0 0.104688 0.393981 0.017708 0.023148
0 0.355990 0.477315 0.011979 0.013889
0 0.929427 0.758333 0.140104 0.120370
0 0.767708 0.622222 0.052083 0.037037
0 0.390365 0.468519 0.033854 0.037037
0 0.321875 0.434722 0.041667 0.028704
0 0.610938 0.526852 0.022917 0.011111
0 0.160677 0.369444 0.022396 0.024074
0 0.189323 0.369907 0.028646 0.025000
0 0.268490 0.390741 0.023438 0.022222
0 0.297656 0.413889 0.025521 0.025926
