0 0.512240 0.380093 0.020313 0.019444
0 0.482031 0.381481 0.017188 0.016667
0 0.454688 0.386111 0.020833 0.016667
0 0.360938 0.401852 0.031250 0.016667
0 0.216927 0.422222 0.041146 0.022222
0 0.164583 0.426852 0.050000 0.022222
0 0.041146 0.451389 0.064583 0.034259
0 0.615365 0.372222 0.021354 0.022222
0 0.610417 0.427315 0.021875 0.030556
0 0.635417 0.414352 0.022917 0.025000
0 0.667188 0.394907 0.034375 0.023148
0 0.598698 0.403704 0.046354 0.037037
0 0.514583 0.560648 0.039583 0.086111
0 0.669010 0.681019 0.102604 0.152778
