0 0.734635 0.771759 0.028646 0.028704
0 0.630990 0.795833 0.025521 0.026852
0 0.549219 0.764815 0.025521 0.029630
0 0.436979 0.679167 0.020833 0.025000
0 0.679948 0.769444 0.043229 0.033333
0 0.675781 0.725463 0.030729 0.021296
0 0.094010 0.462037 0.020313 0.033333
0 0.307552 0.542130 0.017188 0.017593
0 0.418490 0.576389 0.024479 0.023148
0 0.091406 0.416667 0.010937 0.018519
0 0.153125 0.425926 0.012500 0.014815
0 0.209115 0.460185 0.009896 0.012963
0 0.380729 0.515741 0.008333 0.009259
0 0.958594 0.842593 0.081771 0.070370
0 0.794531 0.667130 0.065104 0.045370
0 0.346094 0.468519 0.038021 0.042593
0 0.270833 0.428241 0.045833 0.032407
0 0.872135 0.758333 0.039062 0.042593
0 0.928125 0.756481 0.033333 0.027778
0 0.973177 0.738889 0.026562 0.018519
0 0.597396 0.623148 0.025000 0.025926
0 0.100000 0.351852 0.030208 0.033333
0 0.130990 0.352778 0.029687 0.025926
0 0.215625 0.376389 0.026042 0.025000
0 0.245833 0.402315 0.028125 0.028704
