0 0.503385 0.380556 0.019271 0.018519
0 0.474479 0.379630 0.015625 0.014815
0 0.447396 0.382870 0.019792 0.015741
0 0.356510 0.399537 0.029687 0.015741
0 0.222396 0.418056 0.035417 0.019444
0 0.169010 0.422222 0.045312 0.020370
0 0.052604 0.446759 0.061458 0.032407
0 0.602865 0.370370 0.021354 0.022222
0 0.595833 0.423611 0.020833 0.028704
0 0.618750 0.411111 0.021875 0.024074
0 0.652083 0.392130 0.037500 0.025000
0 0.584115 0.401852 0.044271 0.035185
0 0.509115 0.544907 0.035937 0.078704
0 0.652344 0.645370 0.088021 0.131481
