0 0.829948 0.803704 0.026562 0.025926
0 0.704167 0.833333 0.029167 0.031481
0 0.620833 0.809259 0.028125 0.033333
0 0.527344 0.726389 0.025521 0.030556
0 0.663802 0.739815 0.039062 0.029630
0 0.739844 0.725463 0.034896 0.025000
0 0.147135 0.493981 0.022396 0.036111
0 0.361979 0.558796 0.018750 0.019444
0 0.483333 0.593519 0.026042 0.024074
0 0.136458 0.435648 0.011458 0.019444
0 0.200781 0.445833 0.014063 0.017593
0 0.251823 0.472222 0.010937 0.014815
0 0.025521 0.366667 0.016667 0.022222
0 0.371094 0.498611 0.008854 0.010185
0 0.959115 0.809259 0.099479 0.085185
0 0.785156 0.649537 0.059896 0.041667
0 0.364583 0.468519 0.036458 0.040741
0 0.292448 0.430093 0.044271 0.030556
0 0.929167 0.714815 0.038542 0.027778
0 0.953906 0.718056 0.025521 0.021296
0 0.975260 0.705093 0.025521 0.017593
0 0.610938 0.611574 0.011458 0.012037
0 0.123438 0.357870 0.028125 0.030556
0 0.155208 0.358796 0.030208 0.026852
0 0.237500 0.381481 0.025000 0.024074
0 0.267188 0.406481 0.027083 0.027778
