0 0.668750 0.747222 0.020833 0.020370
0 0.598177 0.775463 0.020313 0.021296
0 0.492708 0.725000 0.021875 0.025926
0 0.367969 0.633333 0.014063 0.016667
0 0.714323 0.812037 0.048438 0.037037
0 0.621615 0.718519 0.025521 0.018519
0 0.063802 0.426852 0.018229 0.029630
0 0.268490 0.522222 0.014063 0.014815
0 0.368750 0.555093 0.020833 0.019444
0 0.068229 0.393056 0.011458 0.019444
0 0.128646 0.403241 0.011458 0.013889
0 0.184635 0.444907 0.008854 0.012037
0 0.411719 0.537500 0.008854 0.010185
0 0.826823 0.693056 0.072396 0.050926
0 0.345313 0.467130 0.039583 0.043519
0 0.267708 0.423148 0.047917 0.033333
0 0.798438 0.794907 0.046875 0.050926
0 0.882552 0.806019 0.045312 0.037963
0 0.976562 0.797685 0.033333 0.023148
0 0.578646 0.630093 0.020833 0.021296
0 0.099479 0.341204 0.032292 0.036111
0 0.127083 0.341667 0.032292 0.027778
0 0.213021 0.367593 0.027083 0.025926
0 0.242969 0.394907 0.028646 0.028704
