0 1 0.146875 0.663889 0.023958 0.042593
0 2 0.373437 0.562037 0.019792 0.024074
0 3 0.418229 0.580093 0.023958 0.026852
0 4 0.574740 0.651389 0.027604 0.025000
0 5 0.705990 0.734259 0.021354 0.025926
0 7 0.789323 0.659722 0.043229 0.041667
0 8 0.630990 0.599074 0.020313 0.018519
0 9 0.502083 0.555556 0.028125 0.024074
0 10 0.828385 0.631019 0.099479 0.073148
0 11 0.713802 0.549074 0.045312 0.031481
0 12 0.403125 0.442593 0.029167 0.031481
0 13 0.343490 0.414352 0.042188 0.032407
0 14 0.320573 0.398148 0.027604 0.024074
0 15 0.191406 0.364352 0.015104 0.013889
0 16 0.218229 0.362500 0.022917 0.025000
0 17 0.240365 0.373148 0.025521 0.020370
0 18 0.289844 0.384722 0.024479 0.019444
0 19 0.268229 0.374074 0.020833 0.020370
0 20 0.215625 0.431019 0.015625 0.019444
0 21 0.427344 0.511574 0.018229 0.019444
0 22 0.671094 0.579167 0.025521 0.019444
0 23 0.525781 0.485648 0.016146 0.013889
0 24 0.103646 0.602315 0.020833 0.023148
0 26 0.775521 0.585185 0.034375 0.016667
0 28 0.155729 0.746759 0.072917 0.076852
