0 1 0.148438 0.646296 0.023958 0.042593
0 2 0.385937 0.568981 0.021875 0.026852
0 3 0.443750 0.581019 0.023958 0.026852
0 4 0.586719 0.655093 0.028646 0.026852
0 5 0.710156 0.743056 0.022396 0.026852
0 6 1.009635 0.779167 0.068229 0.034259
0 7 0.772656 0.644907 0.041146 0.039815
0 8 0.641406 0.600000 0.022396 0.020370
0 9 0.521354 0.559722 0.027083 0.023148
0 10 0.817969 0.622685 0.096354 0.071296
0 11 0.707552 0.543981 0.044271 0.030556
0 12 0.401042 0.440741 0.029167 0.031481
0 13 0.341667 0.413426 0.041667 0.032407
0 14 0.319010 0.396296 0.027604 0.024074
0 15 0.190365 0.363889 0.016146 0.014815
0 16 0.216667 0.361574 0.022917 0.025000
0 17 0.239063 0.372222 0.025000 0.020370
0 18 0.288281 0.383796 0.024479 0.019444
0 19 0.266406 0.373148 0.020313 0.020370
0 20 0.222656 0.434259 0.016146 0.020370
0 21 0.432031 0.512500 0.021354 0.023148
0 22 0.651823 0.570370 0.024479 0.018519
0 23 0.522135 0.483333 0.015104 0.012963
0 24 0.135417 0.587037 0.017708 0.020370
0 25 1.001823 0.738889 0.042188 0.029630
0 28 0.101562 0.765741 0.080208 0.085185
0 29 0.585156 0.480093 0.019271 0.017593
