0 1 0.147917 0.657407 0.023958 0.042593
0 2 0.378646 0.564815 0.019792 0.024074
0 3 0.425521 0.580093 0.023958 0.026852
0 4 0.578906 0.652315 0.027604 0.025000
0 5 0.707552 0.736574 0.022396 0.026852
0 7 0.778906 0.653241 0.045312 0.043519
0 8 0.635677 0.600463 0.021354 0.019444
0 9 0.510156 0.558333 0.029687 0.025926
0 10 0.824740 0.627778 0.098437 0.072222
0 11 0.711458 0.547222 0.044792 0.031481
0 12 0.402604 0.441667 0.029167 0.031481
0 13 0.343490 0.414352 0.042188 0.032407
0 14 0.320312 0.397222 0.028125 0.024074
0 15 0.191146 0.363889 0.015625 0.014815
0 16 0.218229 0.361574 0.022917 0.025000
0 17 0.240365 0.373148 0.025521 0.020370
0 18 0.289323 0.383796 0.024479 0.019444
0 19 0.267708 0.374074 0.020833 0.020370
0 20 0.217969 0.431481 0.016146 0.020370
0 21 0.429688 0.512500 0.019792 0.021296
0 22 0.662760 0.575926 0.022396 0.016667
0 23 0.524740 0.485185 0.015104 0.012963
0 24 0.116927 0.596296 0.018229 0.020370
0 25 1.007292 0.747222 0.034375 0.024074
0 28 0.134635 0.751852 0.076563 0.081481
