0 0.817708 0.800000 0.026042 0.025926
0 0.693490 0.828241 0.028646 0.030556
0 0.610417 0.803241 0.027083 0.032407
0 0.515625 0.719907 0.023958 0.028704
0 0.663802 0.742593 0.039062 0.029630
0 0.731250 0.725926 0.034375 0.024074
0 0.139583 0.490278 0.021875 0.036111
0 0.355208 0.556944 0.018750 0.019444
0 0.474740 0.592593 0.025521 0.024074
0 0.129948 0.433333 0.010937 0.018519
0 0.193490 0.442593 0.014063 0.016667
0 0.245833 0.470370 0.011458 0.014815
0 0.018750 0.364352 0.016667 0.021296
0 0.371094 0.500463 0.008854 0.010185
0 0.951562 0.811111 0.094792 0.081481
0 0.785156 0.651389 0.059896 0.041667
0 0.361458 0.468519 0.036458 0.040741
0 0.288802 0.430093 0.044271 0.030556
0 0.915625 0.722222 0.027083 0.029630
0 0.950521 0.722222 0.026042 0.022222
0 0.973958 0.708333 0.026042 0.018519
0 0.608333 0.612500 0.011458 0.012037
0 0.119271 0.356944 0.028125 0.030556
0 0.151302 0.358333 0.029687 0.025926
0 0.233854 0.380556 0.025000 0.024074
0 0.263542 0.405556 0.027083 0.027778
