0 0.731510 0.770370 0.028646 0.027778
0 0.629167 0.794907 0.025000 0.026852
0 0.546354 0.762963 0.025000 0.029630
0 0.433854 0.677315 0.020833 0.025000
0 0.680729 0.771296 0.043750 0.033333
0 0.673698 0.725463 0.030729 0.021296
0 0.092448 0.459722 0.020313 0.032407
0 0.305990 0.541204 0.017188 0.017593
0 0.416146 0.575000 0.023958 0.022222
0 0.090365 0.415741 0.010937 0.018519
0 0.151562 0.425463 0.012500 0.015741
0 0.207552 0.460185 0.009896 0.012963
0 0.381771 0.516667 0.008333 0.009259
0 0.958594 0.846296 0.081771 0.070370
0 0.795052 0.667130 0.065104 0.045370
0 0.346094 0.468519 0.038021 0.042593
0 0.270573 0.428241 0.046354 0.032407
0 0.869792 0.760648 0.039583 0.043519
0 0.926562 0.758796 0.033333 0.028704
0 0.973177 0.740741 0.026562 0.018519
0 0.597396 0.623148 0.025000 0.025926
0 0.100000 0.350926 0.030208 0.033333
0 0.130729 0.352315 0.031250 0.026852
0 0.215365 0.375463 0.026562 0.025000
0 0.245312 0.402315 0.028125 0.028704
