0 1 0.140365 0.681944 0.026562 0.047222
0 2 0.359375 0.555556 0.017708 0.022222
0 3 0.384375 0.578241 0.025000 0.028704
0 4 0.560937 0.645833 0.025000 0.023148
0 5 0.699740 0.724074 0.021354 0.025926
0 7 0.808073 0.674074 0.047396 0.046296
0 8 0.616406 0.596296 0.020313 0.018519
0 9 0.480990 0.546759 0.024479 0.021296
0 10 0.838281 0.638889 0.102604 0.075926
0 11 0.720052 0.553241 0.046354 0.032407
0 12 0.403906 0.444444 0.029687 0.031481
0 13 0.343750 0.415278 0.042708 0.032407
0 14 0.320833 0.399074 0.028125 0.024074
0 15 0.191667 0.363889 0.016667 0.014815
0 16 0.217969 0.362500 0.023438 0.025000
0 17 0.240365 0.374537 0.025521 0.021296
0 18 0.289844 0.385648 0.024479 0.019444
0 19 0.268229 0.375000 0.020833 0.020370
0 20 0.208333 0.428241 0.015625 0.019444
0 21 0.418750 0.509722 0.019792 0.021296
0 22 0.682552 0.584259 0.024479 0.018519
0 23 0.528646 0.487963 0.016667 0.014815
0 24 0.050521 0.614815 0.021875 0.024074
0 26 0.766927 0.594444 0.038021 0.018519
0 28 0.206510 0.727778 0.076563 0.081481
