0 0.766667 0.782407 0.028125 0.027778
0 0.652083 0.806944 0.027083 0.028704
0 0.572656 0.781019 0.025521 0.030556
0 0.466927 0.695833 0.022396 0.026852
0 0.670833 0.757407 0.040625 0.031481
0 0.696875 0.726852 0.031250 0.022222
0 0.110156 0.473611 0.021354 0.034259
0 0.325000 0.548611 0.017708 0.017593
0 0.439844 0.583333 0.025521 0.024074
0 0.104948 0.424074 0.010937 0.018519
0 0.166927 0.433796 0.013021 0.015741
0 0.221875 0.465278 0.010417 0.013889
0 0.374219 0.509722 0.008854 0.010185
0 0.965885 0.829630 0.085938 0.074074
0 0.788281 0.660185 0.063021 0.044444
0 0.350521 0.468981 0.037500 0.041667
0 0.276302 0.429630 0.045312 0.031481
0 0.891927 0.743056 0.034896 0.037963
0 0.937240 0.741204 0.029687 0.025000
0 0.971875 0.723611 0.026042 0.017593
0 0.601042 0.618519 0.019792 0.020370
0 0.105729 0.354167 0.029167 0.032407
0 0.137240 0.355556 0.029687 0.025926
0 0.221354 0.378241 0.026042 0.025000
0 0.251302 0.404167 0.027604 0.028704
