0 0.517448 0.382407 0.021354 0.020370
0 0.487240 0.383333 0.017188 0.016667
0 0.458333 0.387963 0.020833 0.016667
0 0.359635 0.405093 0.029687 0.015741
0 0.204427 0.428241 0.045312 0.025000
0 0.147656 0.433796 0.052604 0.023148
0 0.011719 0.457870 0.050521 0.026852
0 0.625260 0.372222 0.021354 0.022222
0 0.625521 0.432407 0.023958 0.033333
0 0.651563 0.417130 0.022917 0.025000
0 0.685937 0.396759 0.037500 0.025000
0 0.615885 0.405556 0.046354 0.037037
0 0.515104 0.583333 0.044792 0.098148
0 0.687760 0.737037 0.127604 0.190741
