0 0.908854 0.825926 0.028125 0.027778
0 0.790104 0.875463 0.035417 0.037963
0 0.691667 0.851389 0.032292 0.037963
0 0.611719 0.776852 0.030729 0.037037
0 0.658333 0.724074 0.040625 0.031481
0 0.790885 0.715741 0.034896 0.024074
0 0.195573 0.526389 0.023438 0.037963
0 0.408073 0.575000 0.018229 0.018519
0 0.543229 0.610648 0.030208 0.028704
0 0.178385 0.454630 0.011979 0.020370
0 0.246615 0.462963 0.015104 0.018519
0 0.289583 0.482407 0.012500 0.016667
0 0.068490 0.379630 0.017188 0.022222
0 0.366927 0.487963 0.009896 0.011111
0 0.951562 0.782407 0.120833 0.103704
0 0.781250 0.637500 0.056250 0.039815
0 0.381510 0.468519 0.034896 0.038889
0 0.311458 0.433333 0.042708 0.029630
0 0.632552 0.532407 0.019271 0.009259
0 0.945052 0.686111 0.031771 0.022222
0 0.145573 0.364352 0.025521 0.028704
0 0.176563 0.365278 0.029167 0.025000
0 0.257031 0.386574 0.024479 0.023148
0 0.286458 0.410648 0.026042 0.026852
