0 0.505469 0.384722 0.020313 0.019444
0 0.476823 0.381481 0.017188 0.016667
0 0.450000 0.385185 0.020833 0.016667
0 0.357292 0.400926 0.028125 0.014815
0 0.215885 0.422222 0.041146 0.022222
0 0.163281 0.425000 0.045312 0.020370
0 0.041146 0.451389 0.061458 0.032407
0 0.609115 0.372222 0.021354 0.022222
0 0.604167 0.427315 0.021875 0.030556
0 0.627604 0.412963 0.021875 0.024074
0 0.659115 0.394444 0.035937 0.024074
0 0.592448 0.402778 0.046354 0.037037
0 0.510938 0.555556 0.038542 0.083333
0 0.661458 0.669907 0.097917 0.145370
