0 0.781510 0.787963 0.027604 0.027778
0 0.663802 0.812963 0.027604 0.029630
0 0.583594 0.787500 0.025521 0.030556
0 0.481510 0.703704 0.021354 0.025926
0 0.667969 0.752315 0.040104 0.030556
0 0.706510 0.726389 0.032813 0.023148
0 0.118490 0.478241 0.021354 0.034259
0 0.333594 0.550926 0.018229 0.018519
0 0.449740 0.586111 0.025521 0.024074
0 0.111719 0.426852 0.010937 0.018519
0 0.174219 0.436574 0.013021 0.015741
0 0.228646 0.467130 0.010417 0.013889
0 0.372656 0.506944 0.008854 0.010185
0 0.955990 0.825000 0.085938 0.074074
0 0.786458 0.657870 0.061458 0.043519
0 0.353385 0.468981 0.036979 0.041667
0 0.279687 0.429630 0.044792 0.031481
0 0.899740 0.737500 0.032813 0.036111
0 0.940885 0.735185 0.028646 0.024074
0 0.972135 0.719444 0.026562 0.018519
0 0.603125 0.615741 0.014583 0.014815
0 0.109375 0.354630 0.029167 0.031481
0 0.140885 0.356481 0.029687 0.025926
0 0.223958 0.379630 0.025000 0.024074
0 0.254427 0.404630 0.027604 0.027778
