0 0.504948 0.380093 0.020313 0.019444
0 0.475781 0.378704 0.017188 0.016667
0 0.450000 0.382870 0.019792 0.015741
0 0.360938 0.398148 0.028125 0.014815
0 0.227865 0.417130 0.039062 0.021296
0 0.175260 0.420370 0.045312 0.020370
0 0.062500 0.444907 0.061458 0.032407
0 0.603385 0.369444 0.021354 0.022222
0 0.594792 0.423611 0.020833 0.028704
0 0.617188 0.410185 0.021875 0.024074
0 0.653906 0.391667 0.035937 0.024074
0 0.582552 0.401852 0.044271 0.035185
0 0.512240 0.540278 0.034896 0.076852
0 0.652083 0.635648 0.084375 0.125000
