0 1 0.141667 0.626852 0.023958 0.042593
0 2 0.398958 0.582407 0.022917 0.027778
0 3 0.456771 0.581944 0.020833 0.023148
0 4 0.599740 0.656944 0.031771 0.028704
0 5 0.714323 0.753704 0.023438 0.027778
0 6 0.975260 0.759722 0.082812 0.041667
0 7 0.738281 0.619907 0.039062 0.037963
0 8 0.653646 0.601852 0.026042 0.024074
0 9 0.535156 0.563889 0.029687 0.025926
0 10 0.797917 0.612037 0.092708 0.068519
0 11 0.692187 0.537037 0.042708 0.029630
0 12 0.391927 0.438426 0.028646 0.030556
0 13 0.332813 0.412037 0.041667 0.031481
0 14 0.310156 0.396296 0.027604 0.024074
0 15 0.182031 0.364352 0.017188 0.015741
0 16 0.207813 0.362500 0.022917 0.025000
0 17 0.229687 0.373148 0.025000 0.020370
0 18 0.278906 0.383796 0.024479 0.019444
0 19 0.257552 0.374074 0.020313 0.020370
0 20 0.224740 0.441204 0.017188 0.021296
0 21 0.432552 0.515278 0.021354 0.023148
0 22 0.628906 0.560185 0.022396 0.016667
0 23 0.510677 0.481019 0.018229 0.015741
0 24 0.174219 0.571296 0.018229 0.020370
0 25 0.985677 0.716667 0.036979 0.025926
0 29 0.573177 0.475926 0.018229 0.016667
