0 1 0.142187 0.677778 0.025000 0.044444
0 2 0.362500 0.556944 0.018750 0.023148
0 3 0.393229 0.580093 0.025000 0.028704
0 4 0.564063 0.648611 0.025000 0.023148
0 5 0.701302 0.725926 0.021354 0.025926
0 7 0.801823 0.675000 0.047396 0.046296
0 8 0.619531 0.598148 0.020313 0.018519
0 9 0.485156 0.548148 0.025521 0.022222
0 10 0.835938 0.637500 0.102083 0.075000
0 11 0.718229 0.552315 0.045833 0.032407
0 12 0.403906 0.444444 0.029687 0.031481
0 13 0.343750 0.415278 0.042708 0.032407
0 14 0.320833 0.398148 0.028125 0.024074
0 15 0.191667 0.363889 0.016667 0.014815
0 16 0.217969 0.362500 0.023438 0.025000
0 17 0.240365 0.374537 0.025521 0.021296
0 18 0.289844 0.385185 0.025521 0.020370
0 19 0.268229 0.375000 0.020833 0.020370
0 20 0.210938 0.430093 0.015625 0.019444
0 21 0.420573 0.509722 0.020313 0.021296
0 22 0.679948 0.583796 0.025521 0.019444
0 23 0.528125 0.487963 0.016667 0.014815
0 24 0.063281 0.611574 0.022396 0.025000
0 26 0.769010 0.591667 0.038021 0.018519
0 28 0.196354 0.733333 0.080208 0.085185
