0 1 0.147917 0.644444 0.023958 0.042593
0 2 0.389062 0.571759 0.021875 0.026852
0 3 0.446875 0.578241 0.023958 0.026852
0 4 0.588542 0.655556 0.030208 0.027778
0 5 0.711719 0.744907 0.022396 0.026852
0 6 1.001823 0.773611 0.071354 0.036111
0 7 0.766406 0.638426 0.039062 0.037963
0 8 0.644010 0.600926 0.023438 0.022222
0 9 0.525781 0.561574 0.024479 0.021296
0 10 0.815104 0.620370 0.095833 0.070370
0 11 0.705208 0.542130 0.043750 0.030556
0 12 0.400000 0.439352 0.029167 0.030556
0 13 0.340625 0.412500 0.041667 0.032407
0 14 0.317969 0.396296 0.027604 0.024074
0 15 0.189844 0.363889 0.016146 0.014815
0 16 0.215625 0.361574 0.022917 0.025000
0 17 0.238021 0.372222 0.025000 0.020370
0 18 0.287240 0.382870 0.024479 0.019444
0 19 0.265365 0.373148 0.020313 0.020370
0 20 0.223438 0.436574 0.015625 0.019444
0 21 0.433333 0.512963 0.020833 0.022222
0 22 0.647656 0.568519 0.024479 0.018519
0 23 0.522396 0.483333 0.018750 0.016667
0 24 0.144010 0.583796 0.019271 0.021296
0 25 0.997656 0.733333 0.039062 0.027778
0 28 0.088021 0.769444 0.084375 0.088889
0 29 0.583073 0.479167 0.019271 0.017593
