0 0.518490 0.381481 0.021354 0.020370
0 0.488281 0.383333 0.017188 0.016667
0 0.459375 0.387963 0.020833 0.016667
0 0.358594 0.406019 0.029687 0.015741
0 0.203385 0.428704 0.047396 0.025926
0 0.147396 0.434259 0.050000 0.022222
0 0.010417 0.457870 0.047917 0.025000
0 0.625781 0.373148 0.021354 0.022222
0 0.626563 0.432407 0.023958 0.033333
0 0.652604 0.416204 0.022917 0.025000
0 0.687240 0.397222 0.035937 0.024074
0 0.615365 0.406481 0.046354 0.037037
0 0.515365 0.584259 0.045312 0.098148
0 0.688802 0.739815 0.129688 0.192593
