0 1 0.134375 0.698148 0.025000 0.044444
0 2 0.345833 0.546296 0.017708 0.022222
0 3 0.351042 0.583333 0.022917 0.025926
0 4 0.550781 0.642130 0.023438 0.021296
0 5 0.694010 0.717593 0.018229 0.022222
0 7 0.833333 0.690741 0.060417 0.059259
0 8 0.602344 0.594444 0.020313 0.018519
0 9 0.464062 0.542130 0.027083 0.023148
0 10 0.847656 0.647222 0.105729 0.077778
0 11 0.725781 0.559259 0.047396 0.033333
0 12 0.404427 0.447222 0.029687 0.031481
0 13 0.344010 0.418519 0.043229 0.033333
0 14 0.320833 0.400926 0.028125 0.024074
0 15 0.191406 0.366204 0.017188 0.015741
0 16 0.217969 0.364815 0.023438 0.025926
0 17 0.240365 0.375926 0.025521 0.020370
0 18 0.290104 0.387500 0.025000 0.019444
0 19 0.268229 0.377315 0.020833 0.021296
0 20 0.201823 0.425463 0.017188 0.021296
0 21 0.412760 0.510185 0.017188 0.018519
0 23 0.532552 0.492130 0.016146 0.013889
0 24 0.007031 0.626852 0.021354 0.024074
0 26 0.755469 0.606481 0.038021 0.018519
0 27 0.695573 0.593519 0.026562 0.022222
0 28 0.235156 0.717593 0.063021 0.066667
