0 0.866406 0.814815 0.026562 0.025926
0 0.739583 0.850000 0.031250 0.033333
0 0.651823 0.825926 0.029687 0.035185
0 0.564583 0.745370 0.028125 0.033333
0 0.664062 0.733333 0.040625 0.031481
0 0.765104 0.723611 0.035417 0.025000
0 0.170573 0.506019 0.022396 0.036111
0 0.384375 0.564815 0.018750 0.018519
0 0.510156 0.600000 0.027604 0.025926
0 0.157552 0.442593 0.011979 0.020370
0 0.222396 0.451389 0.014583 0.017593
0 0.271094 0.475463 0.011979 0.015741
0 0.047135 0.371296 0.017188 0.022222
0 0.371875 0.494444 0.009375 0.011111
0 0.958073 0.799537 0.104688 0.089815
0 0.786719 0.644444 0.057813 0.040741
0 0.374479 0.468056 0.035417 0.039815
0 0.303385 0.431019 0.043229 0.030556
0 0.636458 0.533333 0.018750 0.009259
0 0.939323 0.703704 0.035937 0.025926
0 0.963021 0.706481 0.023958 0.020370
0 0.614323 0.602315 0.015104 0.015741
0 0.135937 0.359259 0.027083 0.029630
0 0.167708 0.360648 0.029167 0.025000
0 0.248958 0.382870 0.025000 0.023148
0 0.278385 0.407870 0.026562 0.026852
