0 0.916667 0.826389 0.029167 0.028704
0 0.801562 0.881019 0.037500 0.039815
0 0.700000 0.856944 0.033333 0.039815
0 0.622135 0.783796 0.031771 0.037963
0 0.655990 0.722685 0.040104 0.030556
0 0.794531 0.712500 0.034896 0.025000
0 0.200000 0.530556 0.023958 0.038889
0 0.412500 0.577315 0.018750 0.019444
0 0.547917 0.611111 0.029167 0.027778
0 0.182031 0.456481 0.011979 0.020370
0 0.251042 0.465278 0.015625 0.019444
0 0.292448 0.483796 0.011979 0.015741
0 0.072396 0.381944 0.017708 0.023148
0 0.364844 0.486574 0.009896 0.012037
0 0.949479 0.779630 0.120833 0.103704
0 0.778906 0.634259 0.055729 0.038889
0 0.382031 0.468519 0.034896 0.038889
0 0.311979 0.433333 0.042708 0.029630
0 0.630208 0.531019 0.020833 0.010185
0 0.944010 0.681944 0.029687 0.021296
0 0.146615 0.364815 0.025521 0.027778
0 0.177604 0.365278 0.029167 0.025000
0 0.257552 0.387500 0.024479 0.023148
0 0.286979 0.410648 0.026042 0.026852
