0 0.678385 0.752778 0.021354 0.020370
0 0.603385 0.779167 0.022396 0.023148
0 0.502604 0.732407 0.021875 0.025926
0 0.380729 0.643056 0.014583 0.017593
0 0.708594 0.803241 0.047396 0.036111
0 0.632552 0.720370 0.026562 0.018519
0 0.069271 0.433333 0.018750 0.029630
0 0.275781 0.525926 0.014063 0.014815
0 0.377865 0.559722 0.021354 0.019444
0 0.072396 0.398148 0.010417 0.018519
0 0.133073 0.408333 0.011979 0.014815
0 0.188802 0.447685 0.008854 0.012037
0 0.404948 0.533796 0.008854 0.010185
0 0.820312 0.687500 0.070833 0.049074
0 0.345052 0.467130 0.039062 0.043519
0 0.268490 0.424074 0.047396 0.033333
0 0.814844 0.790278 0.046354 0.050926
0 0.894531 0.798148 0.043229 0.037037
0 0.977865 0.784259 0.031771 0.022222
0 0.583073 0.629630 0.023438 0.024074
0 0.098437 0.343056 0.029167 0.032407
0 0.128125 0.344444 0.032292 0.027778
0 0.213281 0.368981 0.026562 0.025000
0 0.243490 0.395833 0.028646 0.028704
