0 0.813281 0.799074 0.026562 0.025926
0 0.689583 0.826389 0.028125 0.030556
0 0.607292 0.801852 0.027083 0.031481
0 0.511719 0.718519 0.023438 0.027778
0 0.663802 0.742593 0.039062 0.029630
0 0.728646 0.725926 0.034375 0.024074
0 0.137240 0.489352 0.022396 0.036111
0 0.352604 0.556944 0.018750 0.019444
0 0.471615 0.591667 0.025521 0.024074
0 0.127344 0.432407 0.010937 0.018519
0 0.190625 0.442593 0.013542 0.016667
0 0.243750 0.470370 0.011458 0.014815
0 0.016146 0.364352 0.016667 0.021296
0 0.371094 0.501389 0.008854 0.010185
0 0.951562 0.813889 0.094792 0.081481
0 0.784896 0.652778 0.060417 0.042593
0 0.360417 0.468519 0.036458 0.040741
0 0.287240 0.430093 0.044271 0.030556
0 0.913802 0.723611 0.027604 0.030556
0 0.949479 0.723148 0.026042 0.022222
0 0.973958 0.710185 0.026042 0.018519
0 0.607292 0.612500 0.011458 0.012037
0 0.117708 0.357407 0.028125 0.031481
0 0.149479 0.357870 0.030208 0.026852
0 0.232292 0.380556 0.025000 0.024074
0 0.262500 0.405556 0.027083 0.027778
