0 0.861979 0.813426 0.027083 0.026852
0 0.735677 0.847685 0.030729 0.032407
0 0.648438 0.824074 0.029167 0.035185
0 0.560417 0.743056 0.028125 0.034259
0 0.664062 0.733333 0.040625 0.031481
0 0.762240 0.723611 0.034896 0.025000
0 0.167969 0.505093 0.022396 0.036111
0 0.382292 0.564352 0.018750 0.019444
0 0.506771 0.598611 0.027083 0.025000
0 0.154948 0.441667 0.011979 0.020370
0 0.220312 0.451389 0.014583 0.017593
0 0.268750 0.475463 0.011458 0.015741
0 0.045312 0.370370 0.017708 0.022222
0 0.371875 0.494444 0.009375 0.011111
0 0.957031 0.798611 0.104688 0.089815
0 0.786458 0.645370 0.058333 0.040741
0 0.373698 0.468056 0.035937 0.039815
0 0.302604 0.431019 0.043750 0.030556
0 0.635938 0.533333 0.018750 0.009259
0 0.938542 0.704630 0.036458 0.025926
0 0.961979 0.707870 0.025000 0.021296
0 0.618750 0.609722 0.011458 0.012037
0 0.134375 0.359259 0.027083 0.029630
0 0.166406 0.361111 0.029687 0.025926
0 0.247917 0.382870 0.025000 0.023148
0 0.277344 0.406944 0.026562 0.026852
