0 0.748698 0.775926 0.028646 0.027778
0 0.639062 0.800000 0.026042 0.027778
0 0.559115 0.771759 0.025521 0.030556
0 0.449219 0.687037 0.021354 0.025926
0 0.675260 0.764352 0.042188 0.032407
0 0.684635 0.725926 0.030729 0.022222
0 0.100521 0.466667 0.020833 0.033333
0 0.314323 0.544907 0.017188 0.017593
0 0.427604 0.579167 0.025000 0.023148
0 0.097135 0.420370 0.010937 0.018519
0 0.158854 0.429630 0.012500 0.014815
0 0.214323 0.462963 0.009896 0.012963
0 0.377083 0.513426 0.008333 0.010185
0 0.970573 0.837963 0.085938 0.074074
0 0.790885 0.662963 0.064062 0.044444
0 0.347396 0.468056 0.037500 0.041667
0 0.272917 0.429167 0.045833 0.032407
0 0.881510 0.751389 0.036979 0.039815
0 0.931771 0.749537 0.031250 0.026852
0 0.972396 0.731944 0.026042 0.017593
0 0.598698 0.620833 0.023438 0.025000
0 0.102344 0.352315 0.029687 0.032407
0 0.133594 0.353704 0.029687 0.025926
0 0.217708 0.377315 0.026042 0.025000
0 0.247656 0.403241 0.027604 0.028704
