0 0.635938 0.731019 0.019792 0.019444
0 0.578125 0.764352 0.019792 0.021296
0 0.461719 0.702315 0.021354 0.025000
0 0.326302 0.612500 0.015104 0.017593
0 0.723177 0.836574 0.049479 0.037963
0 0.583594 0.710648 0.024479 0.017593
0 0.042708 0.409722 0.017708 0.028704
0 0.244531 0.509722 0.014063 0.013889
0 0.339062 0.543519 0.019792 0.018519
0 0.050521 0.380556 0.010417 0.018519
0 0.111979 0.390278 0.011458 0.013889
0 0.166927 0.435185 0.008854 0.011111
0 0.428646 0.551852 0.009375 0.011111
0 0.840885 0.707870 0.075521 0.052778
0 0.340104 0.466204 0.040625 0.045370
0 0.260937 0.419907 0.048958 0.034259
0 0.744531 0.800000 0.045312 0.050000
0 0.839323 0.821759 0.046354 0.039815
0 0.959635 0.833796 0.042188 0.028704
0 0.562500 0.625926 0.017708 0.018519
0 0.094010 0.333796 0.032813 0.036111
0 0.119792 0.336111 0.032292 0.027778
0 0.206510 0.362037 0.027604 0.025926
0 0.236198 0.390741 0.028646 0.029630
