0 1 0.143750 0.674074 0.025000 0.044444
0 2 0.364583 0.558333 0.019792 0.024074
0 3 0.402604 0.578241 0.025000 0.028704
0 4 0.566667 0.648611 0.025000 0.023148
0 5 0.702344 0.728704 0.021354 0.025926
0 7 0.796615 0.668056 0.045312 0.043519
0 8 0.623177 0.597222 0.020313 0.018519
0 9 0.492708 0.552315 0.027083 0.023148
0 10 0.833333 0.635185 0.101042 0.074074
0 11 0.717187 0.551389 0.045833 0.032407
0 12 0.403906 0.443519 0.029687 0.031481
0 13 0.343490 0.415278 0.042188 0.032407
0 14 0.320833 0.398148 0.028125 0.024074
0 15 0.191406 0.364352 0.017188 0.015741
0 16 0.218229 0.362500 0.022917 0.025000
0 17 0.240365 0.373611 0.025521 0.021296
0 18 0.290104 0.384722 0.025000 0.019444
0 19 0.268229 0.375000 0.020833 0.020370
0 20 0.212500 0.429167 0.015625 0.019444
0 21 0.422917 0.510648 0.019792 0.021296
0 22 0.676823 0.582870 0.025521 0.019444
0 23 0.527344 0.486574 0.016146 0.013889
0 24 0.075521 0.608333 0.021875 0.024074
0 26 0.770052 0.590278 0.035937 0.017593
0 28 0.186979 0.736111 0.080208 0.085185
