0 0.516927 0.380093 0.020313 0.019444
0 0.486719 0.382407 0.017188 0.016667
0 0.457813 0.386111 0.020833 0.016667
0 0.359635 0.405093 0.029687 0.015741
0 0.208594 0.427315 0.043229 0.023148
0 0.153906 0.431019 0.052604 0.023148
0 0.026042 0.454630 0.053125 0.027778
0 0.623177 0.372222 0.021354 0.022222
0 0.622396 0.430556 0.022917 0.031481
0 0.647917 0.415278 0.022917 0.025000
0 0.682292 0.395833 0.039583 0.026852
0 0.613281 0.403704 0.046354 0.037037
0 0.515625 0.577778 0.043750 0.094444
0 0.683594 0.722685 0.121354 0.180556
