0 1 0.145313 0.635185 0.023958 0.042593
0 2 0.394271 0.575926 0.022917 0.027778
0 3 0.454167 0.581019 0.020833 0.023148
0 4 0.595573 0.655093 0.031771 0.028704
0 5 0.712760 0.749537 0.022396 0.026852
0 6 0.988802 0.764352 0.082812 0.041667
0 7 0.750781 0.627315 0.039062 0.037963
0 8 0.650000 0.600926 0.026042 0.024074
0 9 0.531771 0.563426 0.027083 0.023148
0 10 0.805729 0.615278 0.093750 0.069444
0 11 0.698177 0.539352 0.043229 0.030556
0 12 0.395833 0.438426 0.029167 0.030556
0 13 0.336979 0.412037 0.041667 0.031481
0 14 0.313802 0.396296 0.027604 0.024074
0 15 0.185938 0.363426 0.017708 0.015741
0 16 0.211979 0.361574 0.022917 0.025000
0 17 0.233854 0.372222 0.025000 0.020370
0 18 0.283073 0.382870 0.024479 0.019444
0 19 0.261198 0.373148 0.020313 0.020370
0 20 0.224219 0.438426 0.017188 0.021296
0 21 0.433594 0.514352 0.021354 0.023148
0 22 0.635156 0.563426 0.023438 0.017593
0 23 0.515365 0.481481 0.017188 0.014815
0 24 0.161979 0.575926 0.018750 0.020370
0 25 0.990885 0.724537 0.038021 0.026852
0 28 0.055990 0.779630 0.066146 0.070370
0 29 0.577865 0.476852 0.019271 0.016667
