0 0.973177 0.834259 0.033854 0.033333
0 0.899740 0.931019 0.042188 0.045370
0 0.772396 0.905093 0.038542 0.045370
0 0.715885 0.844907 0.038021 0.045370
0 0.660417 0.711574 0.028125 0.021296
0 0.818229 0.688426 0.033333 0.023148
0 0.240885 0.570370 0.028646 0.046296
0 0.451302 0.593056 0.021354 0.021296
0 0.597396 0.626852 0.028125 0.025926
0 0.217188 0.476389 0.012500 0.021296
0 0.291927 0.483796 0.017188 0.021296
0 0.321875 0.493519 0.012500 0.016667
0 0.105990 0.393981 0.018229 0.023148
0 0.355469 0.477315 0.011979 0.013889
0 0.929948 0.757407 0.140104 0.120370
0 0.767188 0.622222 0.052083 0.037037
0 0.390885 0.468519 0.033854 0.037037
0 0.322396 0.434722 0.041667 0.028704
0 0.609635 0.526852 0.022396 0.011111
0 0.160677 0.369907 0.022396 0.025000
0 0.189844 0.370833 0.028646 0.025000
0 0.268490 0.391667 0.023438 0.022222
0 0.297656 0.413889 0.025521 0.025926
