0 0.900521 0.824537 0.027083 0.026852
0 0.778906 0.869444 0.034896 0.037037
0 0.683594 0.845370 0.031771 0.037037
0 0.601823 0.769444 0.029687 0.035185
0 0.660677 0.725926 0.041146 0.031481
0 0.785937 0.718519 0.034375 0.024074
0 0.190625 0.521296 0.022917 0.037037
0 0.404167 0.573611 0.018750 0.019444
0 0.535677 0.607870 0.028646 0.026852
0 0.174740 0.451852 0.011979 0.020370
0 0.241927 0.461111 0.015104 0.018519
0 0.286198 0.481019 0.011979 0.015741
0 0.064844 0.377778 0.017188 0.022222
0 0.369010 0.489815 0.009896 0.011111
0 0.955469 0.787500 0.115104 0.099074
0 0.783333 0.639352 0.056250 0.039815
0 0.380990 0.468519 0.034896 0.038889
0 0.310417 0.432407 0.042708 0.029630
0 0.634375 0.532407 0.018750 0.009259
0 0.945052 0.690278 0.032813 0.023148
0 0.617969 0.602315 0.015104 0.015741
0 0.145052 0.363426 0.026562 0.028704
0 0.176042 0.364352 0.029167 0.025000
0 0.256510 0.386574 0.024479 0.023148
0 0.285677 0.409722 0.026562 0.026852
