0 0.643750 0.734722 0.019792 0.019444
0 0.582812 0.767130 0.019792 0.021296
0 0.469010 0.706944 0.021354 0.025000
0 0.335938 0.615741 0.015625 0.018519
0 0.722656 0.832870 0.047396 0.036111
0 0.592969 0.712500 0.024479 0.017593
0 0.047917 0.412500 0.017708 0.028704
0 0.250260 0.512500 0.014063 0.013889
0 0.345833 0.546296 0.019792 0.018519
0 0.054948 0.382407 0.010937 0.018519
0 0.116146 0.393056 0.011458 0.013889
0 0.171615 0.437500 0.008854 0.012037
0 0.425521 0.548148 0.009375 0.011111
0 0.838542 0.705093 0.075000 0.052778
0 0.341927 0.466667 0.040104 0.044444
0 0.263542 0.420833 0.048958 0.034259
0 0.756510 0.799537 0.046354 0.050926
0 0.849740 0.818981 0.047396 0.039815
0 0.964844 0.826852 0.040104 0.027778
0 0.566146 0.626389 0.018750 0.019444
0 0.096354 0.336111 0.033333 0.037037
0 0.121875 0.337500 0.032292 0.028704
0 0.208333 0.362963 0.027083 0.025926
0 0.238802 0.391204 0.028646 0.028704
