0 0.911458 0.826389 0.029167 0.028704
0 0.794010 0.877315 0.036979 0.039815
0 0.694792 0.853241 0.032292 0.037963
0 0.615104 0.778704 0.031250 0.037037
0 0.657813 0.724074 0.040625 0.031481
0 0.791927 0.714815 0.034896 0.024074
0 0.197135 0.528241 0.023438 0.037963
0 0.409375 0.576389 0.018750 0.019444
0 0.544792 0.610648 0.030208 0.028704
0 0.179948 0.454630 0.011979 0.020370
0 0.247917 0.463889 0.015625 0.018519
0 0.290885 0.482870 0.011979 0.015741
0 0.069531 0.380556 0.017188 0.022222
0 0.366406 0.487963 0.009896 0.011111
0 0.952083 0.782407 0.120833 0.103704
0 0.780729 0.636111 0.056250 0.038889
0 0.382031 0.468519 0.034896 0.038889
0 0.311458 0.433333 0.042708 0.029630
0 0.631771 0.531481 0.019792 0.009259
0 0.944531 0.685185 0.030729 0.022222
0 0.145833 0.364352 0.026042 0.028704
0 0.177083 0.365278 0.029167 0.025000
0 0.257552 0.387500 0.024479 0.023148
0 0.286458 0.410648 0.026042 0.026852
