0 0.964323 0.832870 0.032813 0.032407
0 0.884115 0.920370 0.042188 0.044444
0 0.759115 0.895833 0.036979 0.043519
0 0.698177 0.833796 0.035937 0.043519
0 0.658073 0.712963 0.031771 0.024074
0 0.815104 0.692593 0.034375 0.024074
0 0.234115 0.562963 0.027604 0.044444
0 0.444792 0.590278 0.020833 0.021296
0 0.589323 0.624074 0.027604 0.025926
0 0.210938 0.472685 0.012500 0.021296
0 0.285677 0.479630 0.017188 0.020370
0 0.316667 0.491667 0.012500 0.016667
0 0.100521 0.391667 0.018750 0.024074
0 0.357031 0.479167 0.011979 0.013889
0 0.941406 0.761111 0.140104 0.120370
0 0.769531 0.624074 0.052604 0.037037
0 0.389323 0.467593 0.033854 0.037037
0 0.320833 0.434722 0.041667 0.028704
0 0.614062 0.526852 0.022917 0.011111
0 0.159375 0.368519 0.021875 0.024074
0 0.187760 0.368981 0.028646 0.025000
0 0.267188 0.390741 0.023958 0.022222
0 0.296354 0.412963 0.026042 0.025926
