0 0.689844 0.758333 0.022396 0.022222
0 0.608594 0.783333 0.022396 0.024074
0 0.513281 0.739815 0.023438 0.027778
0 0.394010 0.650926 0.017188 0.020370
0 0.702083 0.795370 0.047917 0.037037
0 0.642969 0.722685 0.027604 0.019444
0 0.073958 0.439352 0.018750 0.030556
0 0.283333 0.530556 0.014583 0.014815
0 0.387240 0.563426 0.021354 0.019444
0 0.076823 0.401852 0.010937 0.018519
0 0.136719 0.412963 0.011979 0.014815
0 0.192969 0.451389 0.008854 0.012037
0 0.398698 0.529167 0.008854 0.010185
0 0.813021 0.681481 0.068750 0.048148
0 0.345052 0.468056 0.039062 0.043519
0 0.268490 0.425000 0.047396 0.033333
0 0.830208 0.784259 0.045833 0.050000
0 0.905469 0.788889 0.041146 0.035185
0 0.977865 0.772685 0.030729 0.021296
0 0.588021 0.629630 0.025000 0.025926
0 0.099219 0.345370 0.031771 0.035185
0 0.127865 0.346296 0.031771 0.027778
0 0.213281 0.370833 0.026562 0.025000
0 0.243490 0.397685 0.028646 0.028704
