0 1 0.145833 0.635185 0.023958 0.042593
0 2 0.393750 0.575926 0.022917 0.027778
0 3 0.454167 0.581019 0.020833 0.023148
0 4 0.595573 0.654167 0.031771 0.028704
0 5 0.712760 0.749537 0.022396 0.026852
0 6 0.987240 0.766204 0.078646 0.039815
0 7 0.752344 0.628241 0.039062 0.037963
0 8 0.649479 0.600463 0.025000 0.023148
0 9 0.532292 0.563426 0.027083 0.023148
0 10 0.805729 0.614815 0.093750 0.068519
0 11 0.698177 0.539352 0.043229 0.030556
0 12 0.395833 0.438426 0.029167 0.030556
0 13 0.336979 0.412037 0.041667 0.031481
0 14 0.313802 0.396296 0.027604 0.024074
0 15 0.185677 0.363426 0.017188 0.015741
0 16 0.211979 0.361574 0.022917 0.025000
0 17 0.233854 0.372222 0.025000 0.020370
0 18 0.283073 0.382870 0.024479 0.019444
0 19 0.261198 0.373148 0.020313 0.020370
0 20 0.223698 0.437500 0.017188 0.021296
0 21 0.433333 0.513426 0.021875 0.023148
0 22 0.635677 0.563889 0.024479 0.018519
0 23 0.515104 0.481481 0.016667 0.014815
0 24 0.161979 0.575926 0.018750 0.020370
0 25 0.990885 0.724537 0.038021 0.026852
0 28 0.055990 0.779167 0.069271 0.073148
0 29 0.577865 0.476852 0.019271 0.016667
