0 1 0.138281 0.685648 0.026562 0.047222
0 2 0.354167 0.551852 0.017708 0.022222
0 3 0.374479 0.579167 0.023958 0.026852
0 4 0.557031 0.643056 0.023438 0.021296
0 5 0.697656 0.720370 0.021354 0.025926
0 7 0.822396 0.681481 0.055208 0.053704
0 8 0.611719 0.595833 0.019271 0.017593
0 9 0.474219 0.544907 0.024479 0.021296
0 10 0.841406 0.642130 0.103646 0.076852
0 11 0.721615 0.555093 0.046354 0.032407
0 12 0.404427 0.445370 0.029687 0.031481
0 13 0.343750 0.416204 0.042708 0.032407
0 14 0.320833 0.399074 0.028125 0.024074
0 15 0.191146 0.365278 0.016667 0.015741
0 16 0.217969 0.363889 0.023438 0.025926
0 17 0.240365 0.375463 0.025521 0.021296
0 18 0.290104 0.385648 0.025000 0.019444
0 19 0.268229 0.376389 0.020833 0.021296
0 20 0.205990 0.425926 0.016146 0.020370
0 21 0.416406 0.509259 0.019271 0.020370
0 22 0.685156 0.585648 0.023438 0.017593
0 23 0.530208 0.489815 0.016667 0.014815
0 24 0.032292 0.618519 0.021875 0.024074
0 26 0.761719 0.600000 0.038021 0.018519
0 28 0.219792 0.725463 0.072917 0.076852
