0 0.513281 0.379167 0.020313 0.019444
0 0.482552 0.381019 0.016146 0.015741
0 0.455208 0.385185 0.020833 0.016667
0 0.360677 0.401389 0.029687 0.015741
0 0.216927 0.423148 0.041146 0.022222
0 0.165104 0.425926 0.050000 0.022222
0 0.040625 0.451389 0.064583 0.034259
0 0.615885 0.371296 0.021354 0.022222
0 0.612500 0.427315 0.021875 0.030556
0 0.636979 0.413426 0.022917 0.025000
0 0.669010 0.395370 0.035937 0.024074
0 0.599740 0.403704 0.046354 0.037037
0 0.515104 0.561574 0.039583 0.086111
0 0.670052 0.683333 0.103646 0.153704
