0 0.514844 0.380556 0.021354 0.020370
0 0.485156 0.381481 0.017188 0.016667
0 0.456771 0.385185 0.020833 0.016667
0 0.362240 0.402315 0.029687 0.015741
0 0.216406 0.423611 0.043229 0.023148
0 0.163281 0.426389 0.047396 0.021296
0 0.041667 0.452315 0.064583 0.034259
0 0.619010 0.371296 0.021354 0.022222
0 0.616146 0.428241 0.020833 0.028704
0 0.641146 0.414352 0.022917 0.025000
0 0.672656 0.395370 0.035937 0.024074
0 0.601823 0.404630 0.046354 0.037037
0 0.516146 0.564352 0.040625 0.087963
0 0.673958 0.692130 0.107292 0.160185
