0 0.725000 0.768519 0.028125 0.027778
0 0.625260 0.792593 0.024479 0.025926
0 0.541927 0.760648 0.024479 0.028704
0 0.427865 0.674074 0.020313 0.024074
0 0.683594 0.774074 0.044271 0.033333
0 0.669271 0.725463 0.030208 0.021296
0 0.089844 0.457870 0.020313 0.032407
0 0.302344 0.539815 0.016146 0.016667
0 0.411979 0.574074 0.023958 0.022222
0 0.088281 0.413889 0.010937 0.018519
0 0.149479 0.424074 0.012500 0.014815
0 0.205469 0.459259 0.009896 0.012963
0 0.383333 0.517593 0.008333 0.009259
0 0.966927 0.848148 0.081771 0.070370
0 0.797396 0.669444 0.065625 0.046296
0 0.345573 0.468519 0.038021 0.042593
0 0.270052 0.427315 0.046354 0.032407
0 0.865104 0.763889 0.040625 0.044444
0 0.924740 0.762963 0.034896 0.029630
0 0.973958 0.744444 0.027083 0.018519
0 0.596354 0.624074 0.025000 0.025926
0 0.099479 0.350000 0.030208 0.033333
0 0.130208 0.351852 0.031250 0.027778
0 0.214844 0.375463 0.026562 0.025000
0 0.244792 0.401389 0.028125 0.028704
