0 1 0.141146 0.625926 0.023958 0.042593
0 2 0.398438 0.582407 0.022917 0.027778
0 3 0.458333 0.583333 0.019792 0.022222
0 4 0.600260 0.656019 0.031771 0.028704
0 5 0.714323 0.754630 0.024479 0.029630
0 6 0.967969 0.757870 0.082812 0.041667
0 7 0.735677 0.618056 0.039062 0.037963
0 8 0.654687 0.600926 0.026042 0.024074
0 9 0.536979 0.564352 0.031250 0.026852
0 10 0.795573 0.610648 0.092188 0.067593
0 11 0.690104 0.536111 0.042708 0.029630
0 12 0.390365 0.438426 0.028646 0.030556
0 13 0.331771 0.412037 0.041667 0.031481
0 14 0.308594 0.396296 0.027604 0.024074
0 15 0.180729 0.364815 0.017708 0.016667
0 16 0.206250 0.362500 0.022917 0.025000
0 17 0.228646 0.373148 0.025000 0.020370
0 18 0.277865 0.383796 0.024479 0.019444
0 19 0.255990 0.374074 0.020313 0.020370
0 20 0.223438 0.441667 0.017708 0.022222
0 21 0.432292 0.515741 0.020833 0.022222
0 22 0.627344 0.562037 0.022396 0.016667
0 23 0.509115 0.481944 0.020313 0.017593
0 24 0.177083 0.569907 0.018750 0.021296
0 25 0.983854 0.714815 0.037500 0.025926
0 29 0.571615 0.475926 0.018229 0.016667
