0 1 0.127604 0.710185 0.029167 0.051852
0 2 0.335417 0.540741 0.017708 0.022222
0 3 0.319010 0.589815 0.026562 0.029630
0 4 0.542448 0.639352 0.021354 0.019444
0 5 0.689583 0.712963 0.016667 0.020370
0 7 0.844792 0.703241 0.063542 0.062037
0 8 0.592448 0.594444 0.020313 0.018519
0 9 0.450781 0.539352 0.024479 0.021296
0 10 0.854167 0.654630 0.108333 0.079630
0 11 0.729167 0.562963 0.047917 0.033333
0 12 0.404427 0.449074 0.029687 0.031481
0 13 0.343490 0.420370 0.043229 0.033333
0 14 0.320312 0.402315 0.028125 0.025000
0 15 0.190365 0.367130 0.017188 0.015741
0 16 0.216927 0.365741 0.023438 0.025926
0 17 0.239323 0.376852 0.025521 0.020370
0 18 0.289323 0.388426 0.026562 0.021296
0 19 0.267708 0.378241 0.020833 0.021296
0 20 0.195312 0.422685 0.015625 0.019444
0 21 0.407292 0.509259 0.015625 0.016667
0 23 0.533594 0.494907 0.016146 0.013889
0 26 0.745573 0.613889 0.038021 0.018519
0 27 0.704167 0.600926 0.029167 0.024074
0 28 0.253646 0.707870 0.057292 0.060185
