0 0.515365 0.380093 0.020313 0.019444
0 0.487240 0.381481 0.017188 0.016667
0 0.457813 0.386111 0.020833 0.016667
0 0.361198 0.404167 0.029687 0.015741
0 0.214844 0.425463 0.045312 0.025000
0 0.158333 0.429630 0.050000 0.022222
0 0.036979 0.452315 0.058333 0.030556
0 0.621094 0.373148 0.021354 0.022222
0 0.618750 0.429167 0.021875 0.030556
0 0.644271 0.414352 0.022917 0.025000
0 0.676302 0.397222 0.035937 0.024074
0 0.607031 0.405556 0.044271 0.035185
0 0.516146 0.570370 0.041667 0.090741
0 0.678125 0.703241 0.112500 0.167593
