0 0.924219 0.827778 0.029687 0.029630
0 0.814323 0.886574 0.039062 0.041667
0 0.709115 0.861574 0.033854 0.039815
0 0.632552 0.789815 0.032813 0.038889
0 0.654687 0.720833 0.039583 0.030556
0 0.797917 0.709259 0.034375 0.024074
0 0.204687 0.535185 0.023958 0.038889
0 0.417187 0.579167 0.018750 0.019444
0 0.554427 0.612963 0.029687 0.027778
0 0.186198 0.459259 0.011979 0.020370
0 0.255990 0.467130 0.016146 0.019444
0 0.295573 0.484722 0.011979 0.015741
0 0.076042 0.382870 0.017708 0.023148
0 0.363021 0.484722 0.010417 0.012037
0 0.947396 0.775000 0.120833 0.103704
0 0.776823 0.631944 0.054688 0.037963
0 0.383073 0.468519 0.034896 0.038889
0 0.313021 0.433333 0.042708 0.029630
0 0.627865 0.530093 0.021354 0.010185
0 0.944010 0.676852 0.028646 0.020370
0 0.147396 0.364815 0.025000 0.027778
0 0.178646 0.366204 0.029167 0.025000
0 0.258333 0.387500 0.023958 0.023148
0 0.288021 0.411574 0.026042 0.026852
