0 0.745052 0.775000 0.028646 0.027778
0 0.636719 0.798611 0.025521 0.026852
0 0.556510 0.769907 0.025521 0.030556
0 0.446094 0.684722 0.021354 0.025000
0 0.676302 0.765278 0.042188 0.032407
0 0.682031 0.725926 0.030729 0.022222
0 0.098698 0.465741 0.020313 0.033333
0 0.312760 0.543981 0.017188 0.017593
0 0.425000 0.578241 0.025000 0.023148
0 0.095573 0.418519 0.010937 0.018519
0 0.157292 0.428704 0.012500 0.014815
0 0.212760 0.462037 0.009896 0.012963
0 0.378125 0.513889 0.008333 0.009259
0 0.971094 0.837963 0.085938 0.074074
0 0.791927 0.664352 0.064062 0.045370
0 0.347135 0.468056 0.038021 0.041667
0 0.272396 0.428241 0.045833 0.032407
0 0.879167 0.752778 0.037500 0.040741
0 0.930990 0.751389 0.031771 0.026852
0 0.972396 0.732870 0.026042 0.017593
0 0.598437 0.621759 0.023958 0.025000
0 0.102083 0.352778 0.030208 0.033333
0 0.132552 0.353704 0.029687 0.025926
0 0.217188 0.377315 0.026042 0.025000
0 0.247396 0.403241 0.028125 0.028704
