0 1 0.136458 0.690741 0.025000 0.044444
0 2 0.350521 0.550000 0.017708 0.022222
0 3 0.364583 0.581019 0.023958 0.026852
0 4 0.554427 0.643981 0.023438 0.021296
0 5 0.695573 0.720370 0.020313 0.024074
0 7 0.829688 0.686111 0.055208 0.053704
0 8 0.608073 0.596296 0.020313 0.018519
0 9 0.471094 0.543056 0.024479 0.021296
0 10 0.844010 0.643981 0.104688 0.076852
0 11 0.723437 0.556019 0.046875 0.032407
0 12 0.404427 0.446296 0.029687 0.031481
0 13 0.343750 0.417130 0.042708 0.032407
0 14 0.320833 0.400000 0.028125 0.024074
0 15 0.191406 0.365278 0.017188 0.015741
0 16 0.217969 0.363889 0.023438 0.025926
0 17 0.240365 0.375000 0.025521 0.020370
0 18 0.290104 0.386574 0.025000 0.019444
0 19 0.268229 0.376389 0.020833 0.021296
0 20 0.203646 0.426389 0.015625 0.019444
0 21 0.415104 0.510185 0.018750 0.020370
0 22 0.685677 0.586574 0.023438 0.017593
0 23 0.530729 0.490278 0.016667 0.013889
0 24 0.019271 0.622685 0.021875 0.025000
0 26 0.761198 0.601852 0.038021 0.018519
0 28 0.227344 0.718519 0.066146 0.070370
