0 0.518490 0.380556 0.021354 0.020370
0 0.488281 0.382407 0.017188 0.016667
0 0.458333 0.387963 0.020833 0.016667
0 0.355990 0.406944 0.032813 0.017593
0 0.198698 0.430556 0.047396 0.025926
0 0.140625 0.437500 0.055208 0.025000
0 -0.001042 0.461574 0.043750 0.023148
0 0.627344 0.374074 0.023438 0.024074
0 0.630729 0.433333 0.023958 0.033333
0 0.656771 0.418056 0.023958 0.026852
0 0.691667 0.396759 0.039583 0.026852
0 0.619792 0.406481 0.048958 0.038889
0 0.514062 0.593519 0.047917 0.103704
0 0.694531 0.762500 0.141146 0.210185
