0 0.805729 0.796759 0.027083 0.026852
0 0.682813 0.823148 0.028125 0.029630
0 0.601302 0.799074 0.026562 0.031481
0 0.503906 0.715278 0.022396 0.026852
0 0.664844 0.746296 0.039062 0.029630
0 0.722656 0.726852 0.033854 0.024074
0 0.131771 0.486574 0.021875 0.036111
0 0.347396 0.555093 0.018750 0.019444
0 0.465625 0.590741 0.025000 0.024074
0 0.123177 0.431481 0.010937 0.018519
0 0.185938 0.440741 0.013542 0.016667
0 0.239844 0.469444 0.010937 0.014815
0 0.011719 0.363889 0.017188 0.022222
0 0.371615 0.503241 0.008854 0.010185
0 0.958594 0.816667 0.099479 0.085185
0 0.784635 0.653241 0.059896 0.041667
0 0.358333 0.468519 0.036458 0.040741
0 0.285156 0.430093 0.044271 0.030556
0 0.910417 0.726852 0.029167 0.031481
0 0.947135 0.726389 0.026562 0.023148
0 0.973177 0.712037 0.026562 0.018519
0 0.606510 0.613889 0.011979 0.012963
0 0.115885 0.356481 0.028646 0.031481
0 0.147135 0.357870 0.030729 0.026852
0 0.230208 0.380556 0.025000 0.024074
0 0.259896 0.405556 0.027083 0.027778
