0 0.929167 0.827778 0.030208 0.029630
0 0.823177 0.890741 0.040104 0.042593
0 0.714844 0.865278 0.033854 0.039815
0 0.639844 0.794907 0.032813 0.039815
0 0.653906 0.719444 0.038021 0.029630
0 0.800781 0.707407 0.033854 0.024074
0 0.208594 0.538426 0.024479 0.039815
0 0.420312 0.580093 0.018750 0.019444
0 0.558594 0.613889 0.029687 0.027778
0 0.188802 0.460185 0.011979 0.020370
0 0.259115 0.468056 0.016146 0.019444
0 0.298177 0.485648 0.011979 0.015741
0 0.078906 0.383796 0.018229 0.023148
0 0.361979 0.483796 0.010417 0.012037
0 0.946354 0.773148 0.127083 0.109259
0 0.775781 0.631019 0.054688 0.037963
0 0.383333 0.468056 0.034375 0.037963
0 0.313802 0.433333 0.042188 0.029630
0 0.626042 0.529630 0.022917 0.011111
0 0.944271 0.674074 0.029167 0.020370
0 0.148958 0.365278 0.025000 0.026852
0 0.179688 0.366204 0.029167 0.025000
0 0.259375 0.387500 0.023958 0.023148
0 0.288542 0.411574 0.026042 0.026852
