0 1 0.140885 0.678241 0.026562 0.047222
0 2 0.360938 0.556019 0.018750 0.023148
0 3 0.389062 0.579167 0.025000 0.028704
0 4 0.561979 0.646759 0.025000 0.023148
0 5 0.700260 0.725926 0.021354 0.025926
0 7 0.805469 0.675926 0.047396 0.046296
0 8 0.617448 0.596296 0.020313 0.018519
0 9 0.482031 0.546759 0.024479 0.021296
0 10 0.837240 0.637500 0.102604 0.075000
0 11 0.718750 0.553241 0.045833 0.032407
0 12 0.403906 0.444444 0.029687 0.031481
0 13 0.343750 0.415278 0.042708 0.032407
0 14 0.320833 0.399074 0.028125 0.024074
0 15 0.191406 0.364352 0.017188 0.015741
0 16 0.217969 0.362963 0.023438 0.025926
0 17 0.240365 0.374537 0.025521 0.021296
0 18 0.289844 0.384722 0.024479 0.019444
0 19 0.268229 0.375000 0.020833 0.020370
0 20 0.209896 0.429167 0.015625 0.019444
0 21 0.419792 0.509722 0.019792 0.021296
0 22 0.680990 0.583796 0.025521 0.019444
0 23 0.528125 0.487963 0.016667 0.014815
0 24 0.057292 0.612963 0.021875 0.024074
0 26 0.767969 0.593519 0.038021 0.018519
0 28 0.200781 0.731481 0.076563 0.081481
