0 0.894271 0.823611 0.027083 0.026852
0 0.771094 0.866204 0.033854 0.036111
0 0.677604 0.841667 0.031250 0.037037
0 0.594792 0.764815 0.029167 0.035185
0 0.662240 0.727778 0.041146 0.031481
0 0.782552 0.719907 0.034896 0.025000
0 0.187500 0.518519 0.022917 0.037037
0 0.400521 0.571759 0.018750 0.019444
0 0.531250 0.606481 0.028125 0.025926
0 0.172135 0.450000 0.011979 0.020370
0 0.238802 0.459259 0.015104 0.018519
0 0.284115 0.480093 0.011979 0.015741
0 0.061979 0.377315 0.017708 0.023148
0 0.369792 0.490741 0.009375 0.011111
0 0.954948 0.788426 0.115104 0.099074
0 0.784635 0.640278 0.056771 0.039815
0 0.380729 0.468519 0.035417 0.038889
0 0.310156 0.432407 0.043229 0.029630
0 0.635938 0.533333 0.018750 0.009259
0 0.944792 0.693519 0.033333 0.024074
0 0.617448 0.602315 0.015104 0.015741
0 0.144010 0.362500 0.026562 0.028704
0 0.175000 0.363426 0.029167 0.025000
0 0.255469 0.385648 0.024479 0.023148
0 0.285156 0.409722 0.026562 0.026852
