0 1 0.147917 0.653704 0.023958 0.042593
0 2 0.381771 0.565741 0.020833 0.025926
0 3 0.433854 0.580093 0.023958 0.026852
0 4 0.582552 0.653241 0.027604 0.025000
0 5 0.708594 0.739352 0.022396 0.026852
0 7 0.778385 0.649537 0.039062 0.037963
0 8 0.638802 0.600463 0.021354 0.019444
0 9 0.514844 0.558333 0.029687 0.025926
0 10 0.822396 0.625926 0.097917 0.072222
0 11 0.709896 0.546296 0.044792 0.031481
0 12 0.402083 0.441667 0.029167 0.031481
0 13 0.342969 0.413426 0.042188 0.032407
0 14 0.320052 0.397222 0.027604 0.024074
0 15 0.191146 0.363889 0.015625 0.014815
0 16 0.217708 0.361574 0.022917 0.025000
0 17 0.239844 0.373148 0.025521 0.020370
0 18 0.289062 0.383796 0.025000 0.019444
0 19 0.267708 0.374074 0.020833 0.020370
0 20 0.220052 0.433796 0.017188 0.021296
0 21 0.430208 0.512037 0.020833 0.022222
0 22 0.657031 0.572222 0.024479 0.018519
0 23 0.524219 0.484259 0.015104 0.012963
0 24 0.123698 0.591667 0.017188 0.018519
0 25 1.004948 0.743981 0.035937 0.025000
0 28 0.117708 0.761111 0.080208 0.085185
0 29 0.587240 0.480556 0.019271 0.016667
