0 0.763021 0.781481 0.028125 0.027778
0 0.649479 0.805093 0.027083 0.028704
0 0.570052 0.779167 0.025521 0.030556
0 0.463281 0.693981 0.022396 0.026852
0 0.671354 0.759259 0.040625 0.031481
0 0.694271 0.726852 0.031250 0.022222
0 0.107813 0.472685 0.020833 0.034259
0 0.322656 0.547685 0.017188 0.017593
0 0.436979 0.581944 0.025000 0.023148
0 0.103385 0.423148 0.010937 0.018519
0 0.165365 0.432870 0.013021 0.015741
0 0.220833 0.465278 0.010417 0.013889
0 0.374740 0.510648 0.008854 0.010185
0 0.966406 0.830556 0.085938 0.074074
0 0.788802 0.661111 0.063021 0.044444
0 0.350000 0.468981 0.037500 0.041667
0 0.275781 0.429630 0.045312 0.031481
0 0.890104 0.745370 0.035417 0.038889
0 0.935937 0.742593 0.030208 0.025926
0 0.971875 0.725926 0.026042 0.018519
0 0.600521 0.619444 0.020833 0.022222
0 0.105208 0.353704 0.029167 0.031481
0 0.136198 0.354630 0.029687 0.025926
0 0.220312 0.378241 0.026042 0.025000
0 0.250260 0.404167 0.027604 0.028704
