0 0.515885 0.381019 0.020313 0.019444
0 0.486719 0.382407 0.017188 0.016667
0 0.457292 0.387037 0.020833 0.016667
0 0.360677 0.404167 0.029687 0.015741
0 0.211198 0.427315 0.043229 0.023148
0 0.157031 0.431944 0.052604 0.023148
0 0.019271 0.455093 0.058333 0.030556
0 0.622135 0.372222 0.021354 0.022222
0 0.621875 0.430556 0.022917 0.031481
0 0.646354 0.415278 0.022917 0.025000
0 0.680208 0.395833 0.037500 0.025000
0 0.611198 0.405556 0.044271 0.035185
0 0.515625 0.575463 0.042708 0.093519
0 0.681510 0.715741 0.118229 0.175926
