0 0.518490 0.381944 0.022396 0.021296
0 0.488802 0.382407 0.017188 0.016667
0 0.458854 0.387037 0.020833 0.016667
0 0.358073 0.406944 0.029687 0.015741
0 0.201823 0.430556 0.047396 0.025926
0 0.143490 0.435648 0.052604 0.023148
0 0.004687 0.459259 0.045833 0.024074
0 0.626302 0.372685 0.022396 0.023148
0 0.628125 0.432407 0.023958 0.033333
0 0.654687 0.417130 0.023958 0.026852
0 0.689583 0.396759 0.039583 0.026852
0 0.617448 0.406481 0.046354 0.037037
0 0.514323 0.588426 0.046354 0.100926
0 0.691667 0.750926 0.134375 0.200000
