0 0.983073 0.834259 0.033854 0.033333
0 0.918750 0.942130 0.042708 0.045370
0 0.788281 0.916667 0.039062 0.046296
0 0.738802 0.859259 0.040104 0.048148
0 0.662240 0.709259 0.026562 0.020370
0 0.821615 0.683796 0.032813 0.023148
0 0.248958 0.579167 0.029167 0.047222
0 0.458333 0.596759 0.020833 0.021296
0 0.607552 0.629630 0.029687 0.027778
0 0.224479 0.481019 0.012500 0.021296
0 0.300781 0.487963 0.018229 0.022222
0 0.327604 0.496296 0.012500 0.016667
0 0.111719 0.397222 0.017188 0.022222
0 0.352865 0.475463 0.011979 0.013889
0 0.929948 0.750000 0.140104 0.120370
0 0.764844 0.618981 0.051562 0.036111
0 0.392188 0.468519 0.033333 0.037037
0 0.324219 0.435648 0.041146 0.028704
0 0.604427 0.525926 0.022396 0.011111
0 0.163021 0.371296 0.021875 0.024074
0 0.191927 0.371759 0.028646 0.025000
0 0.270573 0.392593 0.023438 0.022222
0 0.299740 0.414815 0.025521 0.025926
