0 1 0.144271 0.631481 0.023958 0.042593
0 2 0.395833 0.577778 0.022917 0.027778
0 3 0.455729 0.581019 0.020833 0.023148
0 4 0.599740 0.656944 0.031771 0.028704
0 5 0.713281 0.749537 0.022396 0.026852
0 6 0.983073 0.763426 0.082812 0.041667
0 7 0.744531 0.622685 0.039062 0.037963
0 8 0.650521 0.600000 0.026042 0.024074
0 9 0.532813 0.562037 0.028125 0.024074
0 10 0.801823 0.612963 0.093229 0.068519
0 11 0.695052 0.538426 0.043229 0.030556
0 12 0.394010 0.438426 0.028646 0.030556
0 13 0.334896 0.412037 0.041667 0.031481
0 14 0.311719 0.396296 0.027604 0.024074
0 15 0.184375 0.364352 0.017708 0.015741
0 16 0.209896 0.361574 0.022917 0.025000
0 17 0.231771 0.372222 0.025000 0.020370
0 18 0.280990 0.383796 0.024479 0.019444
0 19 0.259115 0.373148 0.020313 0.020370
0 20 0.223438 0.439815 0.017708 0.022222
0 21 0.432812 0.514352 0.021875 0.023148
0 22 0.631510 0.562963 0.022396 0.016667
0 23 0.513281 0.481944 0.018229 0.015741
0 24 0.167969 0.574074 0.018229 0.020370
0 25 0.988281 0.720833 0.038021 0.026852
0 28 0.039323 0.785648 0.059896 0.063889
0 29 0.575260 0.475926 0.019271 0.016667
