0 1 0.125521 0.717593 0.029167 0.051852
0 2 0.333333 0.540741 0.017708 0.022222
0 3 0.310937 0.591204 0.025000 0.028704
0 4 0.539323 0.638889 0.020313 0.018519
0 5 0.688021 0.713426 0.015625 0.019444
0 7 0.849479 0.707407 0.066667 0.064815
0 8 0.587760 0.594444 0.020313 0.018519
0 9 0.445573 0.538426 0.024479 0.021296
0 10 0.855729 0.656944 0.109375 0.080556
0 11 0.729688 0.564815 0.047917 0.033333
0 12 0.404167 0.450463 0.030208 0.032407
0 13 0.342969 0.420370 0.043229 0.033333
0 14 0.319792 0.403241 0.028125 0.025000
0 15 0.190104 0.367130 0.017708 0.015741
0 16 0.216146 0.365741 0.023958 0.025926
0 17 0.238802 0.376852 0.025521 0.020370
0 18 0.289062 0.388426 0.025000 0.019444
0 19 0.266667 0.379167 0.020833 0.021296
0 20 0.192448 0.422222 0.016146 0.020370
0 21 0.404687 0.508333 0.015625 0.016667
0 23 0.534375 0.495833 0.015625 0.013889
0 26 0.741927 0.615741 0.038021 0.018519
0 27 0.706771 0.602778 0.029167 0.024074
0 28 0.258594 0.704630 0.054688 0.057407
