0 0.509635 0.384259 0.019271 0.018519
0 0.479948 0.381019 0.018229 0.017593
0 0.452083 0.385185 0.020833 0.016667
0 0.358854 0.400926 0.031250 0.016667
0 0.216406 0.422222 0.041146 0.022222
0 0.164583 0.425926 0.050000 0.022222
0 0.040104 0.451389 0.064583 0.034259
0 0.612240 0.372222 0.021354 0.022222
0 0.607292 0.427315 0.021875 0.030556
0 0.632292 0.412963 0.021875 0.024074
0 0.663542 0.393981 0.034375 0.023148
0 0.596094 0.403704 0.046354 0.037037
0 0.513281 0.557870 0.039062 0.084259
0 0.665625 0.674537 0.100000 0.149074
