0 0.515365 0.381019 0.020313 0.019444
0 0.487240 0.381481 0.017188 0.016667
0 0.457292 0.386111 0.020833 0.016667
0 0.360677 0.404167 0.029687 0.015741
0 0.214323 0.424537 0.045312 0.025000
0 0.159375 0.428704 0.050000 0.022222
0 0.036719 0.453704 0.055729 0.029630
0 0.621094 0.372222 0.021354 0.022222
0 0.618750 0.430093 0.021875 0.030556
0 0.643750 0.415278 0.022917 0.025000
0 0.676823 0.396296 0.035937 0.024074
0 0.607031 0.405556 0.044271 0.035185
0 0.516146 0.570370 0.041667 0.090741
0 0.678125 0.703241 0.112500 0.167593
