0 0.897396 0.823611 0.027083 0.026852
0 0.775000 0.868519 0.034375 0.037037
0 0.680990 0.843519 0.031771 0.037037
0 0.598177 0.767593 0.029687 0.035185
0 0.661198 0.726852 0.041146 0.031481
0 0.784635 0.718981 0.034896 0.025000
0 0.189062 0.519444 0.022917 0.037037
0 0.402083 0.572685 0.018750 0.019444
0 0.533333 0.606481 0.028125 0.025926
0 0.173698 0.450926 0.011979 0.020370
0 0.240365 0.460185 0.015104 0.018519
0 0.285156 0.481019 0.011979 0.015741
0 0.063542 0.378241 0.017708 0.023148
0 0.369531 0.489815 0.009896 0.011111
0 0.956510 0.787500 0.115104 0.099074
0 0.783854 0.639815 0.056250 0.038889
0 0.381250 0.468519 0.035417 0.038889
0 0.309896 0.432407 0.042708 0.029630
0 0.635417 0.532407 0.018750 0.009259
0 0.944792 0.691667 0.033333 0.024074
0 0.617448 0.602315 0.015104 0.015741
0 0.144271 0.362500 0.026042 0.028704
0 0.175521 0.363426 0.029167 0.025000
0 0.255990 0.385648 0.024479 0.023148
0 0.285677 0.409722 0.026562 0.026852
