0 1 0.146875 0.638889 0.023958 0.042593
0 2 0.392188 0.574074 0.022917 0.027778
0 3 0.452604 0.581019 0.020833 0.023148
0 4 0.593229 0.655093 0.033333 0.030556
0 5 0.712240 0.746759 0.022396 0.026852
0 6 0.996094 0.768981 0.078646 0.039815
0 7 0.759115 0.633796 0.041146 0.039815
0 8 0.647917 0.601389 0.025000 0.023148
0 9 0.532031 0.562963 0.025521 0.022222
0 10 0.809896 0.617130 0.094792 0.069444
0 11 0.701042 0.540278 0.043750 0.030556
0 12 0.397917 0.439352 0.029167 0.030556
0 13 0.338542 0.412500 0.041667 0.032407
0 14 0.315885 0.396296 0.027604 0.024074
0 15 0.187760 0.363426 0.017188 0.015741
0 16 0.213542 0.361574 0.022917 0.025000
0 17 0.235937 0.372222 0.025000 0.020370
0 18 0.285156 0.382870 0.024479 0.019444
0 19 0.263281 0.373148 0.020313 0.020370
0 20 0.224219 0.436574 0.017188 0.021296
0 21 0.433073 0.513426 0.021354 0.023148
0 22 0.640365 0.565278 0.025521 0.019444
0 23 0.517708 0.482407 0.016667 0.014815
0 24 0.155208 0.579167 0.018750 0.021296
0 25 0.993490 0.727315 0.038021 0.026852
0 28 0.070052 0.774074 0.076563 0.081481
0 29 0.580469 0.477778 0.019271 0.016667
