0 0.503385 0.380556 0.019271 0.018519
0 0.475260 0.378704 0.017188 0.016667
0 0.448958 0.383796 0.019792 0.015741
0 0.359115 0.399537 0.026562 0.013889
0 0.225260 0.417130 0.039062 0.021296
0 0.173177 0.421296 0.045312 0.020370
0 0.058854 0.444907 0.061458 0.032407
0 0.603385 0.370370 0.021354 0.022222
0 0.595833 0.424537 0.020833 0.028704
0 0.617708 0.410185 0.021875 0.024074
0 0.655990 0.391667 0.035937 0.024074
0 0.583073 0.402778 0.044271 0.035185
0 0.510938 0.541204 0.035417 0.076852
0 0.652344 0.638889 0.085938 0.127778
