0 1 0.142708 0.675926 0.025000 0.044444
0 2 0.364063 0.557407 0.019792 0.024074
0 3 0.397917 0.578241 0.025000 0.028704
0 4 0.565104 0.648611 0.025000 0.023148
0 5 0.701302 0.728704 0.021354 0.025926
0 7 0.799740 0.670370 0.047396 0.046296
0 8 0.621094 0.596759 0.021354 0.019444
0 9 0.488802 0.550000 0.025521 0.022222
0 10 0.834635 0.636574 0.101562 0.075000
0 11 0.717708 0.552315 0.045833 0.032407
0 12 0.403906 0.443519 0.029687 0.031481
0 13 0.343750 0.415278 0.042708 0.032407
0 14 0.320833 0.398148 0.028125 0.024074
0 15 0.191667 0.363889 0.016667 0.014815
0 16 0.217969 0.362500 0.023438 0.025000
0 17 0.240365 0.374537 0.025521 0.021296
0 18 0.290104 0.384722 0.025000 0.019444
0 19 0.268229 0.375000 0.020833 0.020370
0 20 0.210938 0.429167 0.015625 0.019444
0 21 0.421615 0.510648 0.020313 0.021296
0 22 0.678385 0.582870 0.025521 0.019444
0 23 0.527604 0.487037 0.016667 0.014815
0 24 0.069271 0.610648 0.021875 0.025000
0 26 0.769531 0.591204 0.035937 0.017593
0 28 0.191667 0.735185 0.080208 0.085185
