0 1 0.147917 0.650000 0.023958 0.042593
0 2 0.382292 0.567593 0.020833 0.025926
0 3 0.436979 0.580093 0.023958 0.026852
0 4 0.584635 0.655093 0.027604 0.025000
0 5 0.708594 0.739352 0.022396 0.026852
0 7 0.778385 0.649537 0.039062 0.037963
0 8 0.639844 0.600000 0.022396 0.020370
0 9 0.516667 0.560185 0.028125 0.024074
0 10 0.821094 0.624537 0.097396 0.071296
0 11 0.709115 0.545370 0.044271 0.031481
0 12 0.402083 0.441667 0.029167 0.031481
0 13 0.342708 0.413426 0.041667 0.032407
0 14 0.319531 0.397222 0.027604 0.024074
0 15 0.190885 0.363889 0.016146 0.014815
0 16 0.217188 0.361574 0.022917 0.025000
0 17 0.239583 0.373148 0.025000 0.020370
0 18 0.288542 0.383796 0.025000 0.019444
0 19 0.267188 0.374074 0.020833 0.020370
0 20 0.220312 0.433333 0.017708 0.022222
0 21 0.431510 0.512500 0.020313 0.021296
0 22 0.654948 0.572222 0.024479 0.018519
0 23 0.523698 0.483796 0.016146 0.013889
0 24 0.127604 0.590741 0.016667 0.018519
0 25 1.004948 0.740741 0.040104 0.027778
0 28 0.109896 0.762037 0.080208 0.085185
0 29 0.586719 0.479630 0.019271 0.016667
