0 0.695052 0.760648 0.023438 0.023148
0 0.610677 0.784259 0.022396 0.024074
0 0.517448 0.742593 0.023438 0.027778
0 0.398958 0.654167 0.017708 0.021296
0 0.699740 0.792130 0.047396 0.036111
0 0.646875 0.722685 0.028125 0.019444
0 0.076302 0.442593 0.019271 0.031481
0 0.285938 0.531481 0.014583 0.014815
0 0.390625 0.565741 0.021875 0.020370
0 0.077865 0.403704 0.010937 0.018519
0 0.138281 0.413889 0.011979 0.014815
0 0.194792 0.452315 0.009375 0.012037
0 0.396094 0.527315 0.008854 0.010185
0 0.810156 0.679630 0.068229 0.048148
0 0.344792 0.467593 0.038542 0.042593
0 0.268750 0.425463 0.046875 0.032407
0 0.836198 0.781019 0.045312 0.049074
0 0.909635 0.784722 0.040104 0.034259
0 0.977604 0.768056 0.030208 0.021296
0 0.589844 0.629167 0.025521 0.026852
0 0.099219 0.346296 0.031771 0.035185
0 0.128385 0.347222 0.031771 0.027778
0 0.213802 0.371759 0.026562 0.025000
0 0.244010 0.398611 0.028646 0.028704
