0 0.873958 0.817130 0.027083 0.026852
0 0.747917 0.854167 0.032292 0.034259
0 0.658854 0.830093 0.030208 0.036111
0 0.572396 0.750463 0.028125 0.034259
0 0.664062 0.731481 0.040625 0.031481
0 0.770312 0.722685 0.035417 0.025000
0 0.175260 0.508796 0.022396 0.036111
0 0.388802 0.566667 0.018229 0.018519
0 0.515625 0.601852 0.027083 0.025926
0 0.161458 0.443981 0.011458 0.019444
0 0.227344 0.453704 0.015104 0.018519
0 0.274740 0.476389 0.011979 0.015741
0 0.052083 0.373148 0.017708 0.022222
0 0.371875 0.493519 0.009375 0.011111
0 0.957031 0.795833 0.104688 0.089815
0 0.786719 0.643519 0.057813 0.040741
0 0.376563 0.468056 0.035417 0.039815
0 0.305469 0.431944 0.043229 0.030556
0 0.636979 0.533333 0.018750 0.009259
0 0.941146 0.701389 0.035417 0.025000
0 0.964323 0.704630 0.023438 0.020370
0 0.614583 0.601852 0.014583 0.014815
0 0.138281 0.360185 0.026562 0.029630
0 0.169792 0.361111 0.029167 0.025926
0 0.251302 0.383796 0.024479 0.023148
0 0.280469 0.407870 0.026562 0.026852
