0 0.519010 0.380093 0.022396 0.021296
0 0.488802 0.383333 0.017188 0.016667
0 0.457813 0.387963 0.020833 0.016667
0 0.355990 0.406944 0.032813 0.017593
0 0.199740 0.430556 0.047396 0.025926
0 0.142187 0.436574 0.055208 0.025000
0 0.000000 0.460648 0.043750 0.023148
0 0.626823 0.374074 0.023438 0.024074
0 0.629687 0.434259 0.023958 0.033333
0 0.656250 0.418056 0.023958 0.026852
0 0.690625 0.397685 0.039583 0.026852
0 0.618490 0.407407 0.046354 0.037037
0 0.513802 0.592130 0.047396 0.102778
0 0.693490 0.758796 0.139063 0.206481
