0 0.926823 0.827778 0.029687 0.029630
0 0.818490 0.888426 0.039062 0.041667
0 0.711719 0.863426 0.033854 0.039815
0 0.636198 0.793056 0.032813 0.039815
0 0.654427 0.719444 0.039062 0.029630
0 0.799479 0.708333 0.034375 0.024074
0 0.206510 0.537500 0.024479 0.039815
0 0.418750 0.579167 0.018750 0.019444
0 0.556250 0.613889 0.029167 0.027778
0 0.187240 0.460185 0.011979 0.020370
0 0.257031 0.468056 0.016146 0.019444
0 0.297135 0.485648 0.011979 0.015741
0 0.077344 0.383333 0.018229 0.024074
0 0.362500 0.484722 0.010417 0.012037
0 0.948958 0.775000 0.127083 0.109259
0 0.775781 0.631019 0.054688 0.037963
0 0.383073 0.468519 0.034896 0.038889
0 0.313281 0.433333 0.042188 0.029630
0 0.627083 0.529630 0.022917 0.011111
0 0.944271 0.675000 0.029167 0.020370
0 0.147917 0.365741 0.025000 0.027778
0 0.179167 0.366204 0.029167 0.025000
0 0.258854 0.387500 0.023958 0.023148
0 0.288542 0.411574 0.026042 0.026852
