0 1 0.143229 0.628704 0.023958 0.042593
0 2 0.397396 0.580556 0.022917 0.027778
0 3 0.455729 0.581944 0.020833 0.023148
0 4 0.598698 0.655093 0.031771 0.028704
0 5 0.713281 0.751852 0.023438 0.027778
0 6 0.974740 0.762500 0.082812 0.041667
0 7 0.741927 0.621759 0.039062 0.037963
0 8 0.652083 0.600926 0.026042 0.024074
0 9 0.534115 0.563889 0.029687 0.025926
0 10 0.800000 0.612037 0.092708 0.068519
0 11 0.693229 0.537500 0.042708 0.030556
0 12 0.392969 0.438426 0.028646 0.030556
0 13 0.333854 0.412037 0.041667 0.031481
0 14 0.310677 0.396296 0.027604 0.024074
0 15 0.183333 0.364352 0.017708 0.015741
0 16 0.208854 0.361574 0.022917 0.025000
0 17 0.230729 0.373148 0.025000 0.020370
0 18 0.279948 0.383796 0.024479 0.019444
0 19 0.258073 0.373148 0.020313 0.020370
0 20 0.223958 0.440741 0.017708 0.022222
0 21 0.432552 0.515278 0.021354 0.023148
0 22 0.629948 0.562037 0.022396 0.016667
0 23 0.511719 0.481019 0.018229 0.015741
0 24 0.171615 0.572222 0.018229 0.020370
0 25 0.986979 0.717593 0.037500 0.025926
0 28 0.031510 0.788889 0.063021 0.066667
0 29 0.573958 0.475926 0.018750 0.016667
