0 0.519010 0.381944 0.022396 0.021296
0 0.488281 0.383333 0.017188 0.016667
0 0.458854 0.387963 0.020833 0.016667
0 0.357031 0.406944 0.029687 0.015741
0 0.201302 0.429630 0.047396 0.025926
0 0.142969 0.436574 0.052604 0.023148
0 0.003646 0.459722 0.043750 0.023148
0 0.626302 0.373611 0.022396 0.023148
0 0.629167 0.432407 0.023958 0.033333
0 0.655729 0.417130 0.023958 0.026852
0 0.689063 0.397685 0.037500 0.025000
0 0.618490 0.406481 0.046354 0.037037
0 0.514062 0.589815 0.046875 0.101852
0 0.692448 0.754630 0.136979 0.203704
