0 0.845833 0.808796 0.027083 0.026852
0 0.719531 0.839815 0.029687 0.031481
0 0.634635 0.816204 0.028646 0.034259
0 0.543490 0.734722 0.026562 0.032407
0 0.663802 0.736574 0.040104 0.030556
0 0.751302 0.724537 0.034896 0.025000
0 0.157552 0.499537 0.022396 0.036111
0 0.372396 0.561574 0.018750 0.019444
0 0.494792 0.596759 0.026042 0.025000
0 0.146094 0.438889 0.011979 0.020370
0 0.210156 0.448611 0.014063 0.017593
0 0.260417 0.473148 0.011458 0.014815
0 0.035156 0.368519 0.017188 0.022222
0 0.371875 0.496296 0.009375 0.011111
0 0.959635 0.803241 0.104688 0.089815
0 0.785937 0.647685 0.059375 0.041667
0 0.369531 0.468056 0.035937 0.039815
0 0.297396 0.431019 0.043750 0.030556
0 0.634375 0.533333 0.018750 0.009259
0 0.933333 0.709722 0.037500 0.026852
0 0.957552 0.712500 0.024479 0.021296
0 0.976823 0.701852 0.026562 0.018519
0 0.615625 0.610648 0.011458 0.012037
0 0.128906 0.358796 0.027604 0.030556
0 0.160938 0.359259 0.029167 0.025926
0 0.242708 0.382407 0.025000 0.024074
0 0.272135 0.406944 0.026562 0.026852
