0 0.854427 0.811111 0.026562 0.025926
0 0.727604 0.843981 0.030208 0.032407
0 0.641667 0.819907 0.029167 0.034259
0 0.552083 0.738426 0.027083 0.032407
0 0.663802 0.734722 0.040104 0.030556
0 0.757292 0.723611 0.035417 0.025000
0 0.162760 0.502315 0.022396 0.036111
0 0.377083 0.562963 0.018750 0.018519
0 0.500781 0.597685 0.026562 0.025000
0 0.150521 0.440741 0.011458 0.020370
0 0.215625 0.449537 0.014583 0.017593
0 0.265104 0.474537 0.011458 0.015741
0 0.040365 0.369444 0.017188 0.022222
0 0.371615 0.494907 0.008854 0.010185
0 0.960156 0.803241 0.104688 0.089815
0 0.786719 0.646296 0.058854 0.040741
0 0.371615 0.468056 0.035937 0.039815
0 0.300000 0.431019 0.043750 0.030556
0 0.635417 0.533333 0.018750 0.009259
0 0.935937 0.707407 0.036458 0.025926
0 0.960156 0.710185 0.024479 0.020370
0 0.977865 0.699537 0.025521 0.017593
0 0.617448 0.609722 0.011979 0.012037
0 0.132031 0.358796 0.027604 0.030556
0 0.163802 0.360185 0.029687 0.025926
0 0.245052 0.382407 0.025521 0.024074
0 0.274740 0.406944 0.026562 0.026852
