0 0.516406 0.381019 0.020313 0.019444
0 0.486719 0.381481 0.017188 0.016667
0 0.457813 0.387037 0.020833 0.016667
0 0.360156 0.404167 0.029687 0.015741
0 0.209635 0.427315 0.043229 0.023148
0 0.154427 0.431019 0.052604 0.023148
0 0.019010 0.455556 0.055729 0.029630
0 0.622135 0.373148 0.021354 0.022222
0 0.622396 0.431481 0.022917 0.031481
0 0.646875 0.415278 0.022917 0.025000
0 0.682292 0.395833 0.039583 0.026852
0 0.612240 0.405556 0.046354 0.037037
0 0.515885 0.576389 0.043229 0.093519
0 0.682813 0.718981 0.119792 0.178704
