0 1 0.134896 0.695370 0.025000 0.044444
0 2 0.347396 0.546296 0.017708 0.022222
0 3 0.355208 0.582407 0.022917 0.025926
0 4 0.551823 0.642130 0.023438 0.021296
0 5 0.694010 0.718519 0.018229 0.022222
0 7 0.833073 0.690278 0.057813 0.056481
0 8 0.604948 0.595370 0.020313 0.018519
0 9 0.466406 0.543519 0.025521 0.022222
0 10 0.846615 0.646296 0.105729 0.077778
0 11 0.724479 0.558333 0.046875 0.033333
0 12 0.404427 0.446296 0.029687 0.031481
0 13 0.343750 0.417130 0.042708 0.032407
0 14 0.320833 0.400463 0.028125 0.025000
0 15 0.190885 0.366204 0.017188 0.015741
0 16 0.217969 0.364815 0.023438 0.025926
0 17 0.240365 0.376389 0.025521 0.021296
0 18 0.290104 0.386574 0.025000 0.019444
0 19 0.268229 0.377315 0.020833 0.021296
0 20 0.202344 0.425926 0.016146 0.020370
0 21 0.413281 0.510185 0.017188 0.018519
0 23 0.531510 0.491204 0.016146 0.013889
0 24 0.007031 0.626852 0.021354 0.024074
0 26 0.757552 0.604630 0.038021 0.018519
0 27 0.695052 0.592593 0.026562 0.022222
0 28 0.233073 0.717593 0.066146 0.070370
