0 0.931771 0.827778 0.030208 0.029630
0 0.827865 0.892130 0.041146 0.043519
0 0.717448 0.867130 0.033854 0.039815
0 0.643750 0.797685 0.033333 0.039815
0 0.653646 0.718056 0.037500 0.028704
0 0.801823 0.705556 0.033854 0.024074
0 0.210417 0.540741 0.023958 0.038889
0 0.421875 0.581019 0.018750 0.019444
0 0.560677 0.614815 0.029687 0.027778
0 0.190365 0.461111 0.011979 0.020370
0 0.260677 0.469444 0.016146 0.020370
0 0.299219 0.485648 0.011979 0.015741
0 0.080469 0.383796 0.018229 0.023148
0 0.361458 0.483796 0.010417 0.012037
0 0.946875 0.772222 0.133333 0.114815
0 0.775260 0.630093 0.054688 0.037963
0 0.383854 0.468056 0.034375 0.037963
0 0.313802 0.433333 0.042188 0.029630
0 0.624740 0.528704 0.022396 0.011111
0 0.944792 0.673148 0.029167 0.020370
0 0.149479 0.365278 0.025000 0.026852
0 0.180208 0.366204 0.029167 0.025000
0 0.259896 0.388426 0.023958 0.023148
0 0.289062 0.411574 0.026042 0.026852
