0 0.680469 0.754167 0.021354 0.021296
0 0.604427 0.780093 0.022396 0.023148
0 0.504687 0.734259 0.021875 0.025926
0 0.383594 0.643981 0.015104 0.017593
0 0.707552 0.802315 0.047396 0.036111
0 0.634115 0.721296 0.026562 0.018519
0 0.070312 0.434722 0.018750 0.030556
0 0.277604 0.526852 0.014583 0.014815
0 0.379948 0.561111 0.021354 0.020370
0 0.073698 0.398148 0.010937 0.018519
0 0.134115 0.409259 0.011979 0.014815
0 0.189844 0.448611 0.008854 0.012037
0 0.403906 0.532870 0.008854 0.010185
0 0.818229 0.686574 0.069792 0.049074
0 0.345052 0.467130 0.039062 0.043519
0 0.268490 0.424074 0.047396 0.033333
0 0.817969 0.789352 0.046354 0.050926
0 0.896875 0.796759 0.042708 0.036111
0 0.978125 0.781944 0.031250 0.021296
0 0.584115 0.630556 0.023438 0.024074
0 0.099219 0.343519 0.030729 0.033333
0 0.127865 0.344444 0.031771 0.027778
0 0.213281 0.368981 0.026562 0.025000
0 0.243490 0.396759 0.028646 0.028704
