0 1 0.144792 0.632407 0.023958 0.042593
0 2 0.394792 0.577778 0.022917 0.027778
0 3 0.455208 0.581019 0.020833 0.023148
0 4 0.596615 0.655093 0.031771 0.028704
0 5 0.712760 0.750463 0.022396 0.026852
0 6 0.967448 0.762500 0.082812 0.041667
0 7 0.748698 0.626389 0.039062 0.037963
0 8 0.650521 0.600000 0.026042 0.024074
0 9 0.531771 0.563426 0.027083 0.023148
0 10 0.804167 0.613889 0.093750 0.068519
0 11 0.696615 0.538426 0.043229 0.030556
0 12 0.394792 0.438426 0.029167 0.030556
0 13 0.335938 0.412037 0.041667 0.031481
0 14 0.312760 0.396296 0.027604 0.024074
0 15 0.184896 0.363426 0.017708 0.015741
0 16 0.210938 0.361574 0.022917 0.025000
0 17 0.232813 0.372222 0.025000 0.020370
0 18 0.282031 0.382870 0.024479 0.019444
0 19 0.260156 0.373148 0.020313 0.020370
0 20 0.223958 0.438889 0.017708 0.022222
0 21 0.433073 0.513889 0.021354 0.022222
0 22 0.633073 0.562963 0.022396 0.016667
0 23 0.514062 0.481944 0.017708 0.015741
0 24 0.165104 0.575463 0.018750 0.021296
0 25 0.989844 0.722685 0.038021 0.026852
0 28 0.047656 0.784259 0.063021 0.066667
0 29 0.576823 0.476852 0.019271 0.016667
