0 0.515885 0.381019 0.020313 0.019444
0 0.486719 0.382407 0.017188 0.016667
0 0.458333 0.386111 0.020833 0.016667
0 0.360156 0.403241 0.029687 0.015741
0 0.213281 0.425463 0.043229 0.023148
0 0.157292 0.431481 0.050000 0.022222
0 0.030208 0.454167 0.058333 0.030556
0 0.622135 0.372222 0.021354 0.022222
0 0.621354 0.430093 0.021875 0.030556
0 0.645312 0.416204 0.022917 0.025000
0 0.679167 0.395833 0.037500 0.025000
0 0.609635 0.406481 0.044271 0.035185
0 0.516146 0.574074 0.042708 0.092593
0 0.680729 0.712963 0.116667 0.174074
