0 0.664323 0.745370 0.020313 0.020370
0 0.595573 0.774537 0.020313 0.021296
0 0.488802 0.720833 0.021354 0.025000
0 0.362500 0.630093 0.014583 0.017593
0 0.716406 0.815278 0.049479 0.037963
0 0.616927 0.717593 0.025521 0.018519
0 0.061458 0.423611 0.017708 0.028704
0 0.265885 0.519907 0.014063 0.013889
0 0.365365 0.554167 0.020313 0.019444
0 0.066667 0.391204 0.011458 0.019444
0 0.127083 0.401389 0.011458 0.013889
0 0.182552 0.443056 0.008854 0.012037
0 0.414323 0.539352 0.008854 0.010185
0 0.829167 0.694907 0.072917 0.050926
0 0.344792 0.466667 0.039583 0.044444
0 0.267708 0.422222 0.047917 0.033333
0 0.791406 0.796296 0.047396 0.051852
0 0.877344 0.809259 0.045312 0.038889
0 0.975521 0.802315 0.034375 0.023148
0 0.576823 0.629167 0.020313 0.021296
0 0.099740 0.339352 0.032813 0.036111
0 0.126562 0.341204 0.032292 0.028704
0 0.213021 0.366667 0.027083 0.025926
0 0.242708 0.394444 0.029167 0.029630
