0 0.633333 0.729167 0.019792 0.019444
0 0.576302 0.763889 0.019271 0.020370
0 0.459115 0.700463 0.021354 0.025000
0 0.322917 0.611574 0.014583 0.017593
0 0.723698 0.838889 0.050521 0.038889
0 0.580990 0.709722 0.024479 0.017593
0 0.040885 0.407407 0.017188 0.027778
0 0.242708 0.508796 0.013542 0.013889
0 0.336719 0.542593 0.019271 0.018519
0 0.048958 0.379167 0.010417 0.017593
0 0.110417 0.389352 0.011458 0.013889
0 0.165365 0.434722 0.008854 0.012037
0 0.429427 0.552778 0.009896 0.011111
0 0.841927 0.709259 0.076563 0.053704
0 0.339583 0.466204 0.040625 0.045370
0 0.260417 0.419907 0.048958 0.034259
0 0.740625 0.799537 0.044792 0.049074
0 0.835938 0.822685 0.046875 0.039815
0 0.957031 0.836111 0.042188 0.029630
0 0.560937 0.625000 0.017708 0.018519
0 0.093750 0.334722 0.034375 0.037963
0 0.118750 0.335185 0.032292 0.027778
0 0.205990 0.362037 0.027604 0.025926
0 0.235937 0.390741 0.029167 0.029630
