0 0.503906 0.380556 0.019271 0.018519
0 0.473958 0.380556 0.015625 0.014815
0 0.447396 0.384259 0.020833 0.016667
0 0.355990 0.400463 0.029687 0.015741
0 0.220573 0.420370 0.036979 0.020370
0 0.167448 0.422222 0.045312 0.020370
0 0.050521 0.448611 0.061458 0.032407
0 0.602865 0.371296 0.021354 0.022222
0 0.596354 0.425463 0.020833 0.028704
0 0.619271 0.411111 0.021875 0.024074
0 0.652604 0.392130 0.037500 0.025000
0 0.583073 0.401852 0.044271 0.035185
0 0.508854 0.545833 0.036458 0.078704
0 0.652865 0.647685 0.089063 0.132407
