0 1 0.144792 0.670370 0.023958 0.042593
0 2 0.367708 0.558333 0.019792 0.024074
0 3 0.408333 0.578241 0.023958 0.026852
0 4 0.569271 0.649537 0.025000 0.023148
0 5 0.703906 0.731481 0.020313 0.024074
0 7 0.793490 0.664352 0.045312 0.043519
0 8 0.626823 0.599074 0.020313 0.018519
0 9 0.496875 0.552315 0.027083 0.023148
0 10 0.831510 0.634259 0.100521 0.074074
0 11 0.715885 0.550000 0.045312 0.031481
0 12 0.403906 0.443519 0.029687 0.031481
0 13 0.343490 0.415278 0.042188 0.032407
0 14 0.320833 0.398148 0.028125 0.024074
0 15 0.191667 0.364352 0.016667 0.015741
0 16 0.218490 0.362500 0.023438 0.025000
0 17 0.240365 0.373611 0.025521 0.021296
0 18 0.290104 0.384722 0.025000 0.019444
0 19 0.268229 0.374074 0.020833 0.020370
0 20 0.213542 0.431019 0.015625 0.019444
0 21 0.424740 0.511574 0.018229 0.019444
0 22 0.674219 0.580093 0.025521 0.019444
0 23 0.526823 0.486574 0.016146 0.013889
0 24 0.087240 0.606481 0.021354 0.024074
0 26 0.772917 0.588426 0.039583 0.019444
0 28 0.171354 0.742593 0.080208 0.085185
