0 0.837760 0.806481 0.026562 0.025926
0 0.711719 0.836111 0.029687 0.031481
0 0.627344 0.812500 0.028646 0.034259
0 0.535417 0.730556 0.026042 0.031481
0 0.664062 0.738426 0.039583 0.030556
0 0.745573 0.724537 0.034896 0.025000
0 0.152344 0.496759 0.022396 0.036111
0 0.367188 0.560185 0.018750 0.018519
0 0.489063 0.595370 0.026042 0.024074
0 0.141146 0.437500 0.011458 0.019444
0 0.205469 0.446759 0.014063 0.017593
0 0.255990 0.473148 0.010937 0.014815
0 0.030469 0.367593 0.017188 0.022222
0 0.371875 0.497685 0.009375 0.010185
0 0.958594 0.805556 0.099479 0.085185
0 0.785417 0.648611 0.059375 0.041667
0 0.366927 0.468056 0.035937 0.039815
0 0.294792 0.430093 0.043750 0.030556
0 0.633333 0.533333 0.018750 0.009259
0 0.930990 0.712037 0.039062 0.027778
0 0.955469 0.714815 0.024479 0.020370
0 0.976302 0.703241 0.025521 0.017593
0 0.613021 0.611574 0.011458 0.012037
0 0.125781 0.357870 0.027604 0.030556
0 0.157812 0.359259 0.029167 0.025926
0 0.240104 0.381481 0.025000 0.024074
0 0.269792 0.406481 0.027083 0.027778
