0 1 0.146354 0.666667 0.023958 0.042593
0 2 0.372396 0.560185 0.019792 0.024074
0 3 0.414062 0.581019 0.025000 0.028704
0 4 0.572917 0.651852 0.026042 0.024074
0 5 0.705469 0.734259 0.020313 0.024074
0 7 0.792969 0.661574 0.045312 0.043519
0 8 0.629948 0.600000 0.020313 0.018519
0 9 0.500521 0.554630 0.028125 0.024074
0 10 0.829167 0.631944 0.100000 0.073148
0 11 0.714323 0.549074 0.045312 0.031481
0 12 0.403125 0.442593 0.029167 0.031481
0 13 0.343490 0.414352 0.042188 0.032407
0 14 0.320573 0.398148 0.027604 0.024074
0 15 0.191667 0.364352 0.016667 0.015741
0 16 0.218490 0.362500 0.023438 0.025000
0 17 0.240365 0.373148 0.025521 0.020370
0 18 0.289844 0.384722 0.024479 0.019444
0 19 0.268229 0.374074 0.020833 0.020370
0 20 0.215104 0.430093 0.015625 0.019444
0 21 0.426302 0.511574 0.018229 0.019444
0 22 0.672135 0.580093 0.025521 0.019444
0 23 0.526302 0.485648 0.016146 0.013889
0 24 0.098698 0.603704 0.021354 0.024074
0 26 0.774740 0.586574 0.035937 0.017593
0 28 0.158073 0.745370 0.076563 0.081481
