0 0.713281 0.765741 0.026562 0.025926
0 0.619792 0.789352 0.023958 0.025000
0 0.532813 0.754167 0.023958 0.028704
0 0.416667 0.667130 0.018750 0.023148
0 0.689583 0.780093 0.044792 0.034259
0 0.660937 0.724537 0.030208 0.021296
0 0.084375 0.451852 0.019792 0.031481
0 0.296615 0.537500 0.015104 0.015741
0 0.403646 0.570833 0.022917 0.021296
0 0.084115 0.410185 0.010937 0.018519
0 0.144792 0.420370 0.012500 0.014815
0 0.201302 0.456481 0.009896 0.012963
0 0.388021 0.521296 0.008333 0.009259
0 0.801562 0.673148 0.066667 0.046296
0 0.345313 0.467593 0.038542 0.042593
0 0.269271 0.426389 0.046875 0.032407
0 0.855729 0.770833 0.043750 0.047222
0 0.920052 0.770370 0.036979 0.031481
0 0.975781 0.752315 0.027604 0.019444
0 0.595052 0.627315 0.025521 0.026852
0 0.098958 0.349074 0.030208 0.033333
0 0.128906 0.350463 0.030729 0.026852
0 0.214323 0.373611 0.026562 0.025000
0 0.244271 0.400463 0.028125 0.028704
