0 0.797396 0.793981 0.027083 0.026852
0 0.676562 0.819444 0.028125 0.029630
0 0.595313 0.794907 0.026042 0.030556
0 0.496875 0.712037 0.021875 0.025926
0 0.665625 0.748611 0.039583 0.030556
0 0.717448 0.726852 0.033854 0.024074
0 0.127083 0.483333 0.021875 0.035185
0 0.342708 0.554167 0.018750 0.019444
0 0.460156 0.588889 0.025521 0.024074
0 0.119531 0.429630 0.010937 0.018519
0 0.182292 0.439815 0.013542 0.016667
0 0.235677 0.468519 0.010937 0.014815
0 0.007292 0.361574 0.016667 0.021296
0 0.372135 0.504167 0.008854 0.010185
0 0.952083 0.817593 0.094792 0.081481
0 0.785156 0.654167 0.059896 0.041667
0 0.356510 0.468519 0.036979 0.040741
0 0.283073 0.430556 0.044271 0.031481
0 0.907292 0.730556 0.030208 0.033333
0 0.945312 0.729167 0.027083 0.023148
0 0.972656 0.714815 0.026562 0.018519
0 0.605208 0.614815 0.012500 0.012963
0 0.113281 0.355556 0.028646 0.031481
0 0.145052 0.356944 0.030729 0.026852
0 0.228385 0.379630 0.025521 0.024074
0 0.257812 0.405556 0.027083 0.027778
