0 1 0.131250 0.700000 0.025000 0.044444
0 2 0.340625 0.543519 0.017708 0.022222
0 3 0.335938 0.587037 0.022917 0.025926
0 4 0.546615 0.640741 0.022396 0.020370
0 5 0.691927 0.714352 0.017188 0.021296
0 7 0.839063 0.697222 0.060417 0.059259
0 8 0.597135 0.594444 0.020313 0.018519
0 9 0.458073 0.540278 0.024479 0.021296
0 10 0.850781 0.651389 0.106771 0.078704
0 11 0.727344 0.561111 0.047396 0.033333
0 12 0.404427 0.448148 0.029687 0.031481
0 13 0.344010 0.419444 0.043229 0.033333
0 14 0.320833 0.401389 0.028125 0.025000
0 15 0.190885 0.366204 0.017188 0.015741
0 16 0.217448 0.365741 0.023438 0.025926
0 17 0.239844 0.376389 0.025521 0.021296
0 18 0.290104 0.387963 0.025000 0.020370
0 19 0.267708 0.378241 0.020833 0.021296
0 20 0.198698 0.425000 0.016146 0.020370
0 21 0.410156 0.509259 0.016146 0.016667
0 23 0.532552 0.493056 0.016146 0.013889
0 26 0.750781 0.610185 0.038021 0.018519
0 27 0.698698 0.596296 0.026562 0.022222
0 28 0.245573 0.712963 0.063021 0.066667
